b1	1	b2	2	b3	3
339.08	2.0313	339.08	0.63891	343.08	2.8824
339.09	2.0398	339.09	0.64303	343.08	2.922
339.1	2.0484	339.1	0.6472	343.09	2.9625
339.12	2.0571	339.12	0.6514	343.09	3.0037
339.13	2.0658	339.13	0.65564	343.1	3.0458
339.14	2.0746	339.14	0.65992	343.11	3.0888
339.16	2.0834	339.16	0.66424	343.11	3.1327
339.17	2.0923	339.17	0.66859	343.12	3.1775
339.18	2.1012	339.18	0.67298	343.12	3.2232
339.2	2.1102	339.2	0.67742	343.13	3.2699
339.21	2.1193	339.21	0.68189	343.13	3.3176
339.22	2.1284	339.22	0.6864	343.14	3.3664
339.24	2.1376	339.24	0.69096	343.14	3.4162
339.25	2.1468	339.25	0.69555	343.15	3.4671
339.26	2.1561	339.26	0.70019	343.16	3.5191
339.28	2.1655	339.28	0.70487	343.16	3.5722
339.29	2.1749	339.29	0.70959	343.17	3.6266
339.3	2.1844	339.3	0.71436	343.17	3.6821
339.32	2.194	339.32	0.71917	343.18	3.7389
339.33	2.2036	339.33	0.72402	343.18	3.797
339.34	2.2133	339.34	0.72892	343.19	3.8565
339.36	2.223	339.36	0.73386	343.19	3.9173
339.37	2.2328	339.37	0.73885	343.2	3.9795
339.38	2.2427	339.38	0.74389	343.2	4.0431
339.4	2.2527	339.4	0.74897	343.21	4.1083
339.41	2.2627	339.41	0.7541	343.22	4.175
339.42	2.2728	339.42	0.75928	343.22	4.2433
339.44	2.2829	339.44	0.76451	343.23	4.3133
339.45	2.2932	339.45	0.76978	343.23	4.3849
339.46	2.3034	339.46	0.77511	343.24	4.4583
339.48	2.3138	339.48	0.78049	343.24	4.5335
339.49	2.3243	339.49	0.78592	343.25	4.6106
339.5	2.3348	339.5	0.7914	343.25	4.6896
339.52	2.3454	339.52	0.79693	343.26	4.7706
339.53	2.356	339.53	0.80251	343.27	4.8536
339.54	2.3668	339.54	0.80815	343.27	4.9388
339.56	2.3776	339.56	0.81384	343.28	5.0261
339.57	2.3885	339.57	0.81959	343.28	5.1157
339.58	2.3994	339.58	0.8254	343.29	5.2077
339.6	2.4105	339.6	0.83126	343.29	5.302
339.61	2.4216	339.61	0.83717	343.3	5.3989
339.62	2.4328	339.62	0.84315	343.3	5.4984
339.64	2.4441	339.64	0.84918	343.31	5.6005
339.65	2.4554	339.65	0.85527	343.31	5.7055
339.66	2.4669	339.66	0.86143	343.32	5.8133
339.68	2.4784	339.68	0.86764	343.33	5.9241
339.69	2.49	339.69	0.87391	343.33	6.0379
339.7	2.5017	339.7	0.88025	343.34	6.155
339.72	2.5135	339.72	0.88665	343.34	6.2754
339.73	2.5253	339.73	0.89311	343.35	6.3992
339.74	2.5373	339.74	0.89964	343.35	6.5266
339.76	2.5493	339.76	0.90624	343.36	6.6577
339.77	2.5614	339.77	0.9129	343.36	6.7926
339.78	2.5737	339.78	0.91962	343.37	6.9315
339.8	2.586	339.8	0.92642	343.38	7.0746
339.81	2.5984	339.81	0.93328	343.38	7.2219
339.82	2.6108	339.82	0.94022	343.39	7.3738
339.84	2.6234	339.84	0.94722	343.39	7.5302
339.85	2.6361	339.85	0.9543	343.4	7.6915
339.86	2.6489	339.86	0.96145	343.4	7.8578
339.88	2.6617	339.88	0.96867	343.41	8.0293
339.89	2.6747	339.89	0.97597	343.41	8.2063
339.9	2.6877	339.9	0.98335	343.42	8.3889
339.92	2.7009	339.92	0.9908	343.43	8.5774
339.93	2.7142	339.93	0.99832	343.43	8.772
339.94	2.7275	339.94	1.0059	343.44	8.9731
339.96	2.741	339.96	1.0136	343.44	9.1808
339.97	2.7545	339.97	1.0214	343.45	9.3955
339.98	2.7682	339.98	1.0292	343.45	9.6174
340	2.782	340	1.0372	343.46	9.8469
340.01	2.7959	340.01	1.0452	343.46	10.084
340.02	2.8099	340.02	1.0533	343.47	10.33
340.04	2.824	340.04	1.0615	343.47	10.584
340.05	2.8382	340.05	1.0697	343.48	10.848
340.06	2.8525	340.06	1.0781	343.49	11.12
340.08	2.8669	340.08	1.0866	343.49	11.403
340.09	2.8814	340.09	1.0951	343.5	11.696
340.1	2.8961	340.1	1.1037	343.5	12
340.12	2.9109	340.12	1.1125	343.51	12.315
340.13	2.9258	340.13	1.1213	343.51	12.642
340.14	2.9408	340.14	1.1302	343.52	12.982
340.16	2.9559	340.16	1.1392	343.52	13.334
340.17	2.9711	340.17	1.1484	343.53	13.7
340.18	2.9865	340.18	1.1576	343.54	14.081
340.2	3.002	340.2	1.1669	343.54	14.477
340.21	3.0176	340.21	1.1763	343.55	14.889
340.22	3.0334	340.22	1.1859	343.55	15.317
340.24	3.0492	340.24	1.1955	343.56	15.763
340.25	3.0652	340.25	1.2052	343.56	16.228
340.26	3.0814	340.26	1.2151	343.57	16.712
340.28	3.0976	340.28	1.2251	343.57	17.217
340.29	3.114	340.29	1.2351	343.58	17.743
340.3	3.1306	340.3	1.2453	343.58	18.293
340.32	3.1472	340.32	1.2556	343.59	18.866
340.33	3.164	340.33	1.2661	343.6	19.465
340.34	3.181	340.34	1.2766	343.6	20.091
340.36	3.1981	340.36	1.2873	343.61	20.746
340.37	3.2153	340.37	1.2981	343.61	21.431
340.38	3.2327	340.38	1.309	343.62	22.148
340.4	3.2502	340.4	1.32	343.62	22.899
340.41	3.2679	340.41	1.3312	343.63	23.685
340.42	3.2857	340.42	1.3425	343.63	24.51
340.44	3.3037	340.44	1.3539	343.64	25.376
340.45	3.3218	340.45	1.3655	343.65	26.285
340.46	3.3401	340.46	1.3772	343.65	27.239
340.48	3.3585	340.48	1.3891	343.66	28.242
340.49	3.3771	340.49	1.4011	343.66	29.298
340.5	3.3959	340.5	1.4132	343.67	30.408
340.52	3.4148	340.52	1.4255	343.67	31.578
340.53	3.4339	340.53	1.4379	343.68	32.811
340.54	3.4531	340.54	1.4505	343.68	34.111
340.56	3.4726	340.56	1.4632	343.69	35.484
340.57	3.4921	340.57	1.4761	343.7	36.934
340.58	3.5119	340.58	1.4891	343.7	38.467
340.6	3.5318	340.6	1.5023	343.71	40.088
340.61	3.552	340.61	1.5156	343.71	41.806
340.62	3.5723	340.62	1.5292	343.72	43.625
340.64	3.5927	340.64	1.5428	343.72	45.555
340.65	3.6134	340.65	1.5567	343.73	47.604
340.66	3.6342	340.66	1.5707	343.73	49.781
340.68	3.6553	340.68	1.5849	343.74	52.097
340.69	3.6765	340.69	1.5993	343.74	54.562
340.7	3.6979	340.7	1.6139	343.75	57.188
340.72	3.7195	340.72	1.6286	343.76	59.99
340.73	3.7413	340.73	1.6436	343.76	62.983
340.74	3.7633	340.74	1.6587	343.77	66.181
340.76	3.7856	340.76	1.674	343.77	69.604
340.77	3.808	340.77	1.6895	343.78	73.272
340.78	3.8306	340.78	1.7052	343.78	77.206
340.8	3.8534	340.8	1.7212	343.79	81.432
340.81	3.8765	340.81	1.7373	343.79	85.976
340.82	3.8998	340.82	1.7536	343.8	90.868
340.84	3.9233	340.84	1.7702	343.81	96.144
340.85	3.947	340.85	1.7869	343.81	101.84
340.86	3.9709	340.86	1.8039	343.82	108
340.88	3.9951	340.88	1.8211	343.82	114.67
340.89	4.0194	340.89	1.8385	343.83	121.9
340.9	4.0441	340.9	1.8562	343.83	129.76
340.92	4.0689	340.92	1.8741	343.84	138.3
340.93	4.094	340.93	1.8923	343.84	147.62
340.94	4.1194	340.94	1.9106	343.85	157.79
340.96	4.145	340.96	1.9293	343.85	168.92
340.97	4.1708	340.97	1.9482	343.86	181.11
340.98	4.1969	340.98	1.9673	343.87	194.49
341	4.2233	341	1.9867	343.87	209.22
341.01	4.2499	341.01	2.0064	343.88	225.46
341.02	4.2768	341.02	2.0263	343.88	243.39
341.04	4.3039	341.04	2.0466	343.89	263.26
341.05	4.3313	341.05	2.0671	343.89	285.31
341.06	4.359	341.06	2.0878	343.9	309.84
341.08	4.387	341.08	2.1089	343.9	337.2
341.09	4.4153	341.09	2.1303	343.91	367.8
341.1	4.4438	341.1	2.152	343.92	402.1
341.12	4.4726	341.12	2.174	343.92	440.66
341.13	4.5018	341.13	2.1963	343.93	484.13
341.14	4.5312	341.14	2.2189	343.93	533.27
341.16	4.5609	341.16	2.2418	343.94	588.97
341.17	4.591	341.17	2.2651	343.94	652.3
341.18	4.6213	341.18	2.2887	343.95	724.51
341.2	4.652	341.2	2.3127	343.95	807.07
341.21	4.683	341.21	2.337	343.96	901.71
341.22	4.7143	341.22	2.3616	343.97	1010.5
341.24	4.7459	341.24	2.3866	343.97	1135.8
341.25	4.7779	341.25	2.412	343.98	1280.3
341.26	4.8103	341.26	2.4378	343.98	1447.4
341.28	4.8429	341.28	2.464	343.99	1640.3
341.29	4.8759	341.29	2.4905	343.99	1863.1
341.3	4.9093	341.3	2.5175	344	2119.5
341.32	4.9431	341.32	2.5448	344	2413.1
341.33	4.9772	341.33	2.5726	344.01	2746.1
341.34	5.0117	341.34	2.6008	344.01	3118.3
341.36	5.0465	341.36	2.6294	344.02	3524.8
341.37	5.0818	341.37	2.6585	344.03	3952.7
341.38	5.1174	341.38	2.688	344.03	4376.8
341.4	5.1534	341.4	2.7179	344.04	4754.2
341.41	5.1899	341.41	2.7484	344.04	5019.3
341.42	5.2267	341.42	2.7793	344.05	5084.1
341.44	5.264	341.44	2.8107	344.05	4846.3
341.45	5.3016	341.45	2.8426	344.06	4214.1
341.46	5.3398	341.46	2.875	344.06	3145.9
341.48	5.3783	341.48	2.9079	344.07	1691.2
341.49	5.4173	341.49	2.9414	344.08	6.3363
341.5	5.4567	341.5	2.9754	344.08	-1678.5
341.52	5.4966	341.52	3.0099	344.09	-3133.2
341.53	5.537	341.53	3.045	344.09	-4201.4
341.54	5.5778	341.54	3.0807	344.1	-4833.6
341.56	5.6191	341.56	3.117	344.1	-5071.4
341.57	5.6609	341.57	3.1539	344.11	-5006.6
341.58	5.7032	341.58	3.1913	344.11	-4741.4
341.6	5.746	341.6	3.2294	344.12	-4364
341.61	5.7893	341.61	3.2682	344.12	-3939.9
341.62	5.8331	341.62	3.3076	344.13	-3511.9
341.64	5.8775	341.64	3.3476	344.14	-3105.3
341.65	5.9224	341.65	3.3884	344.14	-2733
341.66	5.9678	341.66	3.4298	344.15	-2400
341.68	6.0138	341.68	3.4719	344.15	-2106.4
341.69	6.0604	341.69	3.5148	344.16	-1849.9
341.7	6.1076	341.7	3.5584	344.16	-1627
341.72	6.1553	341.72	3.6028	344.17	-1434
341.73	6.2036	341.73	3.648	344.17	-1266.9
341.74	6.2525	341.74	3.6939	344.18	-1122.2
341.76	6.3021	341.76	3.7407	344.19	-996.84
341.77	6.3523	341.77	3.7883	344.19	-887.97
341.78	6.4031	341.78	3.8367	344.2	-793.21
341.8	6.4546	341.8	3.8861	344.2	-710.54
341.81	6.5067	341.81	3.9363	344.21	-638.21
341.82	6.5595	341.82	3.9874	344.21	-574.75
341.84	6.613	341.84	4.0395	344.22	-518.91
341.85	6.6672	341.85	4.0925	344.22	-469.63
341.86	6.7221	341.86	4.1465	344.23	-426.02
341.88	6.7778	341.88	4.2015	344.24	-387.3
341.89	6.8342	341.89	4.2575	344.24	-352.84
341.9	6.8913	341.9	4.3146	344.25	-322.07
341.92	6.9492	341.92	4.3727	344.25	-294.54
341.93	7.0079	341.93	4.432	344.26	-269.82
341.94	7.0674	341.94	4.4924	344.26	-247.58
341.96	7.1277	341.96	4.5539	344.27	-227.52
341.97	7.1888	341.97	4.6166	344.27	-209.37
341.98	7.2508	341.98	4.6806	344.28	-192.92
342	7.3136	342	4.7458	344.28	-177.97
342.01	7.3773	342.01	4.8123	344.29	-164.34
342.02	7.4419	342.02	4.8801	344.3	-151.91
342.04	7.5074	342.04	4.9492	344.3	-140.53
342.05	7.5739	342.05	5.0197	344.31	-130.1
342.06	7.6412	342.06	5.0916	344.31	-120.5
342.08	7.7096	342.08	5.165	344.32	-111.67
342.09	7.779	342.09	5.2399	344.32	-103.52
342.1	7.8493	342.1	5.3163	344.33	-95.976
342.12	7.9207	342.12	5.3943	344.33	-88.987
342.13	7.9931	342.13	5.4739	344.34	-82.495
342.14	8.0667	342.14	5.5551	344.35	-76.452
342.16	8.1413	342.16	5.6381	344.35	-70.817
342.17	8.217	342.17	5.7228	344.36	-65.55
342.18	8.2938	342.18	5.8093	344.36	-60.617
342.2	8.3719	342.2	5.8976	344.37	-55.987
342.21	8.4511	342.21	5.9878	344.37	-51.632
342.22	8.5315	342.22	6.08	344.38	-47.527
342.24	8.6132	342.24	6.1742	344.38	-43.649
342.25	8.6961	342.25	6.2704	344.39	-39.978
342.26	8.7804	342.26	6.3687	344.39	-36.494
342.28	8.866	342.28	6.4692	344.4	-33.181
342.29	8.9529	342.29	6.572	344.41	-30.022
342.3	9.0412	342.3	6.677	344.41	-27.004
342.32	9.1309	342.32	6.7845	344.42	-24.113
342.33	9.2221	342.33	6.8943	344.42	-21.336
342.34	9.3147	342.34	7.0067	344.43	-18.663
342.36	9.4089	342.36	7.1216	344.43	-16.083
342.37	9.5046	342.37	7.2392	344.44	-13.586
342.38	9.6019	342.38	7.3595	344.44	-11.163
342.4	9.7008	342.4	7.4826	344.45	-8.8057
342.41	9.8014	342.41	7.6087	344.46	-6.5059
342.42	9.9037	342.42	7.7377	344.46	-4.2561
342.44	10.008	342.44	7.8698	344.47	-2.049
342.45	10.114	342.45	8.0051	344.47	0.12232
342.46	10.221	342.46	8.1436	344.48	2.2645
342.48	10.331	342.48	8.2855	344.48	4.3839
342.49	10.442	342.49	8.4309	344.49	6.4866
342.5	10.555	342.5	8.5799	344.49	8.5788
342.52	10.671	342.52	8.7325	344.5	10.666
342.53	10.788	342.53	8.889	344.51	12.755
342.54	10.908	342.54	9.0494	344.51	14.85
342.56	11.03	342.56	9.2139	344.52	16.958
342.57	11.154	342.57	9.3826	344.52	19.085
342.58	11.28	342.58	9.5555	344.53	21.236
342.6	11.408	342.6	9.733	344.53	23.416
342.61	11.539	342.61	9.915	344.54	25.633
342.62	11.673	342.62	10.102	344.54	27.893
342.64	11.809	342.64	10.294	344.55	30.2
342.65	11.947	342.65	10.49	344.55	32.563
342.66	12.088	342.66	10.692	344.56	34.989
342.68	12.232	342.68	10.9	344.57	37.483
342.69	12.379	342.69	11.113	344.57	40.054
342.7	12.529	342.7	11.332	344.58	42.709
342.72	12.681	342.72	11.557	344.58	45.458
342.73	12.837	342.73	11.788	344.59	48.308
342.74	12.995	342.74	12.025	344.59	51.269
342.76	13.157	342.76	12.27	344.6	54.352
342.77	13.323	342.77	12.521	344.6	57.566
342.78	13.491	342.78	12.779	344.61	60.924
342.8	13.663	342.8	13.044	344.62	64.438
342.81	13.839	342.81	13.317	344.62	68.121
342.82	14.018	342.82	13.598	344.63	71.987
342.84	14.202	342.84	13.887	344.63	76.053
342.85	14.389	342.85	14.185	344.64	80.334
342.86	14.58	342.86	14.491	344.64	84.851
342.88	14.775	342.88	14.806	344.65	89.622
342.89	14.975	342.89	15.131	344.65	94.669
342.9	15.179	342.9	15.465	344.66	100.02
342.92	15.387	342.92	15.81	344.66	105.69
342.93	15.6	342.93	16.165	344.67	111.72
342.94	15.818	342.94	16.53	344.68	118.14
342.96	16.041	342.96	16.907	344.68	124.98
342.97	16.269	342.97	17.296	344.69	132.28
342.98	16.502	342.98	17.696	344.69	140.08
343	16.741	343	18.109	344.7	148.43
343.01	16.985	343.01	18.535	344.7	157.38
343.02	17.235	343.02	18.974	344.71	167
343.04	17.491	343.04	19.427	344.71	177.33
343.05	17.753	343.05	19.894	344.72	188.47
343.06	18.021	343.06	20.377	344.73	200.48
343.08	18.296	343.08	20.874	344.73	213.45
343.09	18.578	343.09	21.388	344.74	227.5
343.1	18.867	343.1	21.918	344.74	242.73
343.12	19.162	343.12	22.465	344.75	259.26
343.13	19.466	343.13	23.029	344.75	277.25
343.14	19.776	343.14	23.612	344.76	296.86
343.16	20.095	343.16	24.214	344.76	318.27
343.17	20.422	343.17	24.836	344.77	341.7
343.18	20.757	343.18	25.477	344.78	367.38
343.2	21.101	343.2	26.14	344.78	395.6
343.21	21.454	343.21	26.824	344.79	426.66
343.22	21.817	343.22	27.53	344.79	460.93
343.24	22.189	343.24	28.259	344.8	498.82
343.25	22.57	343.25	29.012	344.8	540.82
343.26	22.962	343.26	29.789	344.81	587.48
343.28	23.365	343.28	30.59	344.81	639.45
343.29	23.778	343.29	31.418	344.82	697.48
343.3	24.202	343.3	32.271	344.82	762.45
343.32	24.638	343.32	33.152	344.83	835.38
343.33	25.086	343.33	34.06	344.84	917.47
343.34	25.547	343.34	34.996	344.84	1010.1
343.36	26.019	343.36	35.96	344.85	1115
343.37	26.505	343.37	36.953	344.85	1234.1
343.38	27.005	343.38	37.976	344.86	1369.7
343.4	27.518	343.4	39.028	344.86	1524.5
343.41	28.046	343.41	40.11	344.87	1701.8
343.42	28.588	343.42	41.221	344.87	1905.2
343.44	29.145	343.44	42.363	344.88	2139.3
343.45	29.717	343.45	43.534	344.89	2409.2
343.46	30.305	343.46	44.734	344.89	2720.8
343.48	30.91	343.48	45.963	344.9	3080.8
343.49	31.531	343.49	47.219	344.9	3496.6
343.5	32.169	343.5	48.502	344.91	3975.8
343.52	32.824	343.52	49.81	344.91	4525.8
343.53	33.497	343.53	51.141	344.92	5152.4
343.54	34.188	343.54	52.493	344.92	5857.6
343.56	34.897	343.56	53.863	344.93	6636.4
343.57	35.624	343.57	55.249	344.93	7470.8
343.58	36.37	343.58	56.647	344.94	8322.9
343.6	37.134	343.6	58.053	344.95	9124.3
343.61	37.918	343.61	59.461	344.95	9766.8
343.62	38.72	343.62	60.868	344.96	10097
343.64	39.54	343.64	62.266	344.96	9923.7
343.65	40.38	343.65	63.648	344.97	9053.7
343.66	41.237	343.66	65.008	344.97	7353.3
343.68	42.113	343.68	66.337	344.98	4830.4
343.69	43.006	343.69	67.625	344.98	1690.8
343.7	43.915	343.7	68.863	344.99	-1678.9
343.72	44.841	343.72	70.04	345	-4818.5
343.73	45.782	343.73	71.144	345	-7341.4
343.74	46.738	343.74	72.162	345.01	-9041.8
343.76	47.706	343.76	73.083	345.01	-9911.7
343.77	48.686	343.77	73.891	345.02	-10085
343.78	49.675	343.78	74.573	345.02	-9754.8
343.8	50.673	343.8	75.115	345.03	-9112.3
343.81	51.677	343.81	75.502	345.03	-8310.8
343.82	52.686	343.82	75.721	345.04	-7458.7
343.84	53.695	343.84	75.757	345.05	-6624.2
343.85	54.705	343.85	75.598	345.05	-5845.3
343.86	55.71	343.86	75.231	345.06	-5140.1
343.88	56.709	343.88	74.648	345.06	-4513.4
343.89	57.699	343.89	73.838	345.07	-3963.4
343.9	58.677	343.9	72.798	345.07	-3484.1
343.92	59.639	343.92	71.522	345.08	-3068.2
343.93	60.583	343.93	70.012	345.08	-2708.1
343.94	61.505	343.94	68.271	345.09	-2396.4
343.96	62.402	343.96	66.305	345.09	-2126.5
343.97	63.272	343.97	64.125	345.1	-1892.3
343.98	64.111	343.98	61.747	345.11	-1688.7
344	64.917	344	59.188	345.11	-1511.3
344.01	65.688	344.01	56.473	345.12	-1356.4
344.02	66.422	344.02	53.626	345.12	-1220.7
344.04	67.117	344.04	50.679	345.13	-1101.5
344.05	67.773	344.05	47.661	345.13	-996.42
344.06	68.388	344.06	44.609	345.14	-903.61
344.08	68.962	344.08	41.559	345.14	-821.36
344.09	69.496	344.09	38.545	345.15	-748.27
344.1	69.99	344.1	35.606	345.16	-683.14
344.12	70.446	344.12	32.778	345.16	-624.93
344.13	70.865	344.13	30.094	345.17	-572.78
344.14	71.249	344.14	27.588	345.17	-525.93
344.16	71.601	344.16	25.288	345.18	-483.73
344.17	71.924	344.17	23.221	345.18	-445.63
344.18	72.221	344.18	21.411	345.19	-411.15
344.2	72.496	344.2	19.875	345.19	-379.86
344.21	72.753	344.21	18.63	345.2	-351.41
344.22	72.994	344.22	17.686	345.2	-325.48
344.24	73.226	344.24	17.05	345.21	-301.8
344.25	73.45	344.25	16.727	345.22	-280.13
344.26	73.673	344.26	16.714	345.22	-260.24
344.28	73.897	344.28	17.01	345.23	-241.97
344.29	74.128	344.29	17.609	345.23	-225.14
344.3	74.368	344.3	18.501	345.24	-209.6
344.32	74.622	344.32	19.676	345.24	-195.23
344.33	74.894	344.33	21.121	345.25	-181.92
344.34	75.187	344.34	22.823	345.25	-169.56
344.36	75.504	344.36	24.767	345.26	-158.07
344.37	75.848	344.37	26.936	345.27	-147.36
344.38	76.223	344.38	29.315	345.27	-137.35
344.4	76.63	344.4	31.887	345.28	-127.99
344.41	77.074	344.41	34.634	345.28	-119.22
344.42	77.554	344.42	37.539	345.29	-110.98
344.44	78.075	344.44	40.585	345.29	-103.22
344.45	78.637	344.45	43.755	345.3	-95.908
344.46	79.242	344.46	47.03	345.3	-88.997
344.48	79.891	344.48	50.394	345.31	-82.452
344.49	80.586	344.49	53.829	345.32	-76.242
344.5	81.327	344.5	57.316	345.32	-70.337
344.52	82.114	344.52	60.837	345.33	-64.709
344.53	82.949	344.53	64.373	345.33	-59.334
344.54	83.83	344.54	67.904	345.34	-54.188
344.56	84.759	344.56	71.411	345.34	-49.251
344.57	85.734	344.57	74.871	345.35	-44.502
344.58	86.755	344.58	78.263	345.35	-39.923
344.6	87.82	344.6	81.564	345.36	-35.497
344.61	88.929	344.61	84.749	345.36	-31.208
344.62	90.079	344.62	87.794	345.37	-27.042
344.64	91.269	344.64	90.671	345.38	-22.983
344.65	92.496	344.65	93.353	345.38	-19.02
344.66	93.757	344.66	95.812	345.39	-15.138
344.68	95.049	344.68	98.017	345.39	-11.326
344.69	96.369	344.69	99.941	345.4	-7.5726
344.7	97.712	344.7	101.55	345.4	-3.8661
344.72	99.075	344.72	102.82	345.41	-0.19579
344.73	100.45	344.73	103.71	345.41	3.449
344.74	101.84	344.74	104.21	345.42	7.0786
344.76	103.23	344.76	104.28	345.43	10.703
344.77	104.62	344.77	103.9	345.43	14.333
344.78	106	344.78	103.04	345.44	17.979
344.8	107.36	344.8	101.7	345.44	21.649
344.81	108.71	344.81	99.858	345.45	25.356
344.82	110.02	344.82	97.507	345.45	29.109
344.84	111.3	344.84	94.649	345.46	32.919
344.85	112.54	344.85	91.289	345.46	36.796
344.86	113.73	344.86	87.442	345.47	40.753
344.88	114.87	344.88	83.129	345.47	44.8
344.89	115.95	344.89	78.38	345.48	48.949
344.9	116.96	344.9	73.232	345.49	53.214
344.92	117.9	344.92	67.73	345.49	57.608
344.93	118.76	344.93	61.928	345.5	62.145
344.94	119.55	344.94	55.883	345.5	66.839
344.96	120.25	344.96	49.66	345.51	71.707
344.97	120.87	344.97	43.328	345.51	76.764
344.98	121.41	344.98	36.958	345.52	82.03
345	121.86	345	30.623	345.52	87.524
345.01	122.23	345.01	24.397	345.53	93.265
345.02	122.51	345.02	18.351	345.54	99.277
345.04	122.72	345.04	12.554	345.54	105.58
345.05	122.85	345.05	7.0705	345.55	112.21
345.06	122.91	345.06	1.9592	345.55	119.19
345.08	122.9	345.08	-2.7272	345.56	126.54
345.09	122.84	345.09	-6.9433	345.56	134.31
345.1	122.72	345.1	-10.651	345.57	142.53
345.12	122.55	345.12	-13.822	345.57	151.24
345.13	122.35	345.13	-16.432	345.58	160.49
345.14	122.12	345.14	-18.469	345.59	170.32
345.16	121.86	345.16	-19.926	345.59	180.78
345.17	121.59	345.17	-20.803	345.6	191.94
345.18	121.31	345.18	-21.106	345.6	203.86
345.2	121.03	345.2	-20.849	345.61	216.61
345.21	120.76	345.21	-20.048	345.61	230.27
345.22	120.5	345.22	-18.726	345.62	244.93
345.24	120.26	345.24	-16.905	345.62	260.69
345.25	120.05	345.25	-14.614	345.63	277.66
345.26	119.87	345.26	-11.883	345.63	295.97
345.28	119.73	345.28	-8.7418	345.64	315.74
345.29	119.64	345.29	-5.2227	345.65	337.13
345.3	119.6	345.3	-1.3581	345.65	360.33
345.32	119.61	345.32	2.8193	345.66	385.52
345.33	119.67	345.33	7.2768	345.66	412.92
345.34	119.8	345.34	11.982	345.67	442.79
345.36	119.99	345.36	16.902	345.67	475.42
345.37	120.25	345.37	22.005	345.68	511.12
345.38	120.58	345.38	27.26	345.68	550.26
345.4	120.98	345.4	32.635	345.69	593.27
345.41	121.45	345.41	38.098	345.7	640.63
345.42	122	345.42	43.617	345.7	692.89
345.44	122.61	345.44	49.16	345.71	750.7
345.45	123.31	345.45	54.696	345.71	814.8
345.46	124.07	345.46	60.19	345.72	886.03
345.48	124.91	345.48	65.608	345.72	965.4
345.49	125.82	345.49	70.916	345.73	1054.1
345.5	126.8	345.5	76.076	345.73	1153.4
345.52	127.85	345.52	81.051	345.74	1264.9
345.53	128.96	345.53	85.802	345.74	1390.4
345.54	130.13	345.54	90.288	345.75	1532.3
345.56	131.37	345.56	94.466	345.76	1692.9
345.57	132.65	345.57	98.293	345.76	1875.3
345.58	133.99	345.58	101.72	345.77	2083.1
345.6	135.36	345.6	104.71	345.77	2320.5
345.61	136.77	345.61	107.21	345.78	2592.4
345.62	138.22	345.62	109.18	345.78	2904.6
345.64	139.68	345.64	110.57	345.79	3263.9
345.65	141.16	345.65	111.34	345.79	3678.4
345.66	142.65	345.66	111.44	345.8	4157
345.68	144.13	345.68	110.84	345.81	4709.9
345.69	145.6	345.69	109.51	345.81	5348.4
345.7	147.05	345.7	107.41	345.82	6084
345.72	148.46	345.72	104.53	345.82	6927.5
345.73	149.83	345.73	100.85	345.83	7887
345.74	151.15	345.74	96.363	345.83	8964.4
345.76	152.4	345.76	91.082	345.84	10150
345.77	153.57	345.77	85.019	345.84	11412
345.78	154.66	345.78	78.202	345.85	12688
345.8	155.65	345.8	70.672	345.86	13867
345.81	156.54	345.81	62.48	345.86	14774
345.82	157.32	345.82	53.688	345.87	15169
345.84	157.97	345.84	44.371	345.87	14758
345.85	158.5	345.85	34.613	345.88	13256
345.86	158.89	345.86	24.506	345.88	10487
345.88	159.15	345.88	14.151	345.89	6509.4
345.89	159.27	345.89	3.6523	345.89	1684.9
345.9	159.25	345.9	-6.8826	345.9	-3369.8
345.92	159.08	345.92	-17.345	345.9	-7964.2
345.93	158.78	345.93	-27.628	345.91	-11555
345.94	158.35	345.94	-37.628	345.92	-13888
345.96	157.78	345.96	-47.247	345.92	-14996
345.97	157.09	345.97	-56.396	345.93	-15104
345.98	156.28	345.98	-64.993	345.93	-14509
346	155.36	346	-72.969	345.94	-13490
346.01	154.34	346.01	-80.263	345.94	-12264
346.02	153.23	346.02	-86.829	345.95	-10984
346.04	152.03	346.04	-92.631	345.95	-9743.2
346.05	150.76	346.05	-97.644	345.96	-8592.3
346.06	149.43	346.06	-101.86	345.97	-7554.1
346.08	148.05	346.08	-105.27	345.97	-6634
346.09	146.63	346.09	-107.88	345.98	-5827.7
346.1	145.17	346.1	-109.72	345.98	-5125.7
346.12	143.7	346.12	-110.8	345.99	-4517
346.13	142.22	346.13	-111.16	345.99	-3990
346.14	140.74	346.14	-110.82	346	-3533.9
346.16	139.27	346.16	-109.84	346	-3138.7
346.17	137.82	346.17	-108.25	346.01	-2795.9
346.18	136.39	346.18	-106.09	346.01	-2497.8
346.2	134.99	346.2	-103.42	346.02	-2238
346.21	133.63	346.21	-100.28	346.03	-2011
346.22	132.32	346.22	-96.705	346.03	-1812
346.24	131.06	346.24	-92.754	346.04	-1637.2
346.25	129.85	346.25	-88.467	346.04	-1483.2
346.26	128.7	346.26	-83.888	346.05	-1347
346.28	127.61	346.28	-79.059	346.05	-1226.4
346.29	126.59	346.29	-74.02	346.06	-1119.1
346.3	125.64	346.3	-68.809	346.06	-1023.5
346.32	124.76	346.32	-63.466	346.07	-938.09
346.33	123.95	346.33	-58.025	346.08	-861.55
346.34	123.21	346.34	-52.522	346.08	-792.8
346.36	122.55	346.36	-46.991	346.09	-730.89
346.37	121.96	346.37	-41.466	346.09	-675
346.38	121.44	346.38	-35.979	346.1	-624.44
346.4	121	346.4	-30.561	346.1	-578.59
346.41	120.63	346.41	-25.246	346.11	-536.92
346.42	120.32	346.42	-20.065	346.11	-498.97
346.44	120.09	346.44	-15.05	346.12	-464.34
346.45	119.92	346.45	-10.233	346.13	-432.67
346.46	119.82	346.46	-5.6462	346.13	-403.65
346.48	119.77	346.48	-1.3226	346.14	-377.01
346.49	119.78	346.49	2.7051	346.14	-352.52
346.5	119.84	346.5	6.4041	346.15	-329.94
346.52	119.95	346.52	9.7417	346.15	-309.11
346.53	120.1	346.53	12.686	346.16	-289.85
346.54	120.29	346.54	15.204	346.16	-272.01
346.56	120.5	346.56	17.267	346.17	-255.46
346.57	120.74	346.57	18.847	346.17	-240.08
346.58	121	346.58	19.916	346.18	-225.76
346.6	121.27	346.6	20.452	346.19	-212.42
346.61	121.55	346.61	20.436	346.19	-199.96
346.62	121.82	346.62	19.852	346.2	-188.31
346.64	122.07	346.64	18.692	346.2	-177.39
346.65	122.31	346.65	16.951	346.21	-167.15
346.66	122.52	346.66	14.632	346.21	-157.53
346.68	122.7	346.68	11.747	346.22	-148.47
346.69	122.83	346.69	8.3124	346.22	-139.94
346.7	122.92	346.7	4.3543	346.23	-131.88
346.72	122.95	346.72	-0.09338	346.24	-124.26
346.73	122.91	346.73	-4.9892	346.24	-117.04
346.74	122.81	346.74	-10.284	346.25	-110.19
346.76	122.64	346.76	-15.923	346.25	-103.68
346.77	122.39	346.77	-21.842	346.26	-97.487
346.78	122.05	346.78	-27.978	346.26	-91.577
346.8	121.64	346.8	-34.257	346.27	-85.931
346.81	121.14	346.81	-40.61	346.27	-80.526
346.82	120.56	346.82	-46.962	346.28	-75.342
346.84	119.89	346.84	-53.24	346.28	-70.361
346.85	119.14	346.85	-59.376	346.29	-65.566
346.86	118.31	346.86	-65.302	346.3	-60.938
346.88	117.4	346.88	-70.957	346.3	-56.465
346.89	116.42	346.89	-76.285	346.31	-52.129
346.9	115.37	346.9	-81.238	346.31	-47.919
346.92	114.25	346.92	-85.774	346.32	-43.821
346.93	113.08	346.93	-89.859	346.32	-39.823
346.94	111.86	346.94	-93.467	346.33	-35.912
346.96	110.59	346.96	-96.582	346.33	-32.077
346.97	109.29	346.97	-99.192	346.34	-28.308
346.98	107.95	346.98	-101.3	346.35	-24.592
347	106.59	347	-102.89	346.35	-20.921
347.01	105.21	347.01	-104	346.36	-17.284
347.02	103.82	347.02	-104.63	346.36	-13.671
347.04	102.42	347.04	-104.79	346.37	-10.07
347.05	101.02	347.05	-104.51	346.37	-6.474
347.06	99.636	347.06	-103.83	346.38	-2.8711
347.08	98.259	347.08	-102.75	346.38	0.7484
347.09	96.898	347.09	-101.32	346.39	4.3948
347.1	95.559	347.1	-99.56	346.4	8.0787
347.12	94.245	347.12	-97.502	346.4	11.811
347.13	92.96	347.13	-95.175	346.41	15.602
347.14	91.708	347.14	-92.61	346.41	19.465
347.16	90.492	347.16	-89.835	346.42	23.41
347.17	89.314	347.17	-86.877	346.42	27.451
347.18	88.177	347.18	-83.764	346.43	31.601
347.2	87.081	347.2	-80.521	346.43	35.874
347.21	86.03	347.21	-77.173	346.44	40.285
347.22	85.024	347.22	-73.743	346.44	44.85
347.24	84.064	347.24	-70.254	346.45	49.586
347.25	83.151	347.25	-66.726	346.46	54.51
347.26	82.285	347.26	-63.18	346.46	59.644
347.28	81.467	347.28	-59.636	346.47	65.008
347.29	80.695	347.29	-56.112	346.47	70.624
347.3	79.971	347.3	-52.628	346.48	76.519
347.32	79.292	347.32	-49.2	346.48	82.719
347.33	78.659	347.33	-45.846	346.49	89.253
347.34	78.069	347.34	-42.584	346.49	96.155
347.36	77.523	347.36	-39.43	346.5	103.46
347.37	77.017	347.37	-36.403	346.51	111.21
347.38	76.552	347.38	-33.518	346.51	119.44
347.4	76.123	347.4	-30.793	346.52	128.21
347.41	75.73	347.41	-28.245	346.52	137.56
347.42	75.369	347.42	-25.891	346.53	147.56
347.44	75.039	347.44	-23.747	346.53	158.26
347.45	74.735	347.45	-21.829	346.54	169.75
347.46	74.456	347.46	-20.153	346.54	182.1
347.48	74.197	347.48	-18.734	346.55	195.41
347.49	73.955	347.49	-17.585	346.56	209.77
347.5	73.727	347.5	-16.719	346.56	225.3
347.52	73.508	347.52	-16.147	346.57	242.13
347.53	73.295	347.53	-15.877	346.57	260.4
347.54	73.083	347.54	-15.914	346.58	280.28
347.56	72.869	347.56	-16.263	346.58	301.95
347.57	72.648	347.57	-16.923	346.59	325.62
347.58	72.416	347.58	-17.892	346.59	351.55
347.6	72.17	347.6	-19.16	346.6	379.99
347.61	71.904	347.61	-20.719	346.6	411.27
347.62	71.616	347.62	-22.551	346.61	445.75
347.64	71.302	347.64	-24.64	346.62	483.85
347.65	70.958	347.65	-26.961	346.62	526.04
347.66	70.582	347.66	-29.488	346.63	572.89
347.68	70.171	347.68	-32.192	346.63	625.04
347.69	69.723	347.69	-35.039	346.64	683.24
347.7	69.237	347.7	-37.997	346.64	748.37
347.72	68.71	347.72	-41.028	346.65	821.46
347.73	68.143	347.73	-44.097	346.65	903.7
347.74	67.534	347.74	-47.166	346.66	996.51
347.76	66.885	347.76	-50.199	346.67	1101.5
347.77	66.196	347.77	-53.163	346.67	1220.8
347.78	65.468	347.78	-56.025	346.68	1356.5
347.8	64.703	347.8	-58.755	346.68	1511.4
347.81	63.902	347.81	-61.327	346.69	1688.8
347.82	63.069	347.82	-63.719	346.69	1892.3
347.84	62.204	347.84	-65.912	346.7	2126.5
347.85	61.312	347.85	-67.891	346.7	2396.5
347.86	60.395	347.86	-69.645	346.71	2708.2
347.88	59.457	347.88	-71.167	346.71	3068.3
347.89	58.499	347.89	-72.454	346.72	3484.2
347.9	57.526	347.9	-73.505	346.73	3963.4
347.92	56.54	347.92	-74.325	346.73	4513.5
347.93	55.545	347.93	-74.919	346.74	5140.1
347.94	54.544	347.94	-75.295	346.74	5845.4
347.96	53.539	347.96	-75.464	346.75	6624.2
347.97	52.533	347.97	-75.437	346.75	7458.7
347.98	51.528	347.98	-75.228	346.76	8310.8
348	50.528	348	-74.849	346.76	9112.3
348.01	49.533	348.01	-74.315	346.77	9754.8
348.02	48.547	348.02	-73.641	346.78	10085
348.04	47.571	348.04	-72.84	346.78	9911.8
348.05	46.606	348.05	-71.927	346.79	9041.8
348.06	45.653	348.06	-70.916	346.79	7341.4
348.08	44.715	348.08	-69.819	346.8	4818.5
348.09	43.792	348.09	-68.649	346.8	1678.9
348.1	42.885	348.1	-67.417	346.81	-1690.8
348.12	41.995	348.12	-66.135	346.81	-4830.4
348.13	41.122	348.13	-64.812	346.82	-7353.3
348.14	40.267	348.14	-63.458	346.83	-9053.7
348.16	39.43	348.16	-62.081	346.83	-9923.7
348.17	38.612	348.17	-60.688	346.84	-10097
348.18	37.812	348.18	-59.287	346.84	-9766.8
348.2	37.031	348.2	-57.884	346.85	-9124.3
348.21	36.269	348.21	-56.483	346.85	-8322.9
348.22	35.525	348.22	-55.089	346.86	-7470.8
348.24	34.8	348.24	-53.708	346.86	-6636.3
348.25	34.093	348.25	-52.342	346.87	-5857.6
348.26	33.405	348.26	-50.994	346.87	-5152.3
348.28	32.734	348.28	-49.667	346.88	-4525.8
348.29	32.08	348.29	-48.363	346.89	-3975.8
348.3	31.444	348.3	-47.084	346.89	-3496.6
348.32	30.825	348.32	-45.831	346.9	-3080.8
348.33	30.222	348.33	-44.606	346.9	-2720.8
348.34	29.636	348.34	-43.41	346.91	-2409.2
348.36	29.065	348.36	-42.242	346.91	-2139.3
348.37	28.509	348.37	-41.104	346.92	-1905.2
348.38	27.969	348.38	-39.995	346.92	-1701.7
348.4	27.443	348.4	-38.916	346.93	-1524.5
348.41	26.931	348.41	-37.867	346.94	-1369.7
348.42	26.433	348.42	-36.847	346.94	-1234.1
348.44	25.949	348.44	-35.857	346.95	-1115
348.45	25.477	348.45	-34.895	346.95	-1010.1
348.46	25.018	348.46	-33.962	346.96	-917.44
348.48	24.571	348.48	-33.056	346.96	-835.35
348.49	24.137	348.49	-32.178	346.97	-762.42
348.5	23.713	348.5	-31.327	346.97	-697.46
348.52	23.301	348.52	-30.502	346.98	-639.43
348.53	22.9	348.53	-29.702	346.98	-587.46
348.54	22.509	348.54	-28.928	346.99	-540.8
348.56	22.129	348.56	-28.177	347	-498.8
348.57	21.758	348.57	-27.45	347	-460.9
348.58	21.397	348.58	-26.746	347.01	-426.64
348.6	21.045	348.6	-26.063	347.01	-395.58
348.61	20.702	348.61	-25.403	347.02	-367.36
348.62	20.367	348.62	-24.763	347.02	-341.68
348.64	20.041	348.64	-24.143	347.03	-318.25
348.65	19.724	348.65	-23.543	347.03	-296.84
348.66	19.414	348.66	-22.962	347.04	-277.23
348.68	19.111	348.68	-22.398	347.05	-259.24
348.69	18.816	348.69	-21.853	347.05	-242.71
348.7	18.529	348.7	-21.324	347.06	-227.48
348.72	18.248	348.72	-20.812	347.06	-213.44
348.73	17.974	348.73	-20.316	347.07	-200.46
348.74	17.706	348.74	-19.835	347.07	-188.45
348.76	17.445	348.76	-19.369	347.08	-177.32
348.77	17.19	348.77	-18.917	347.08	-166.98
348.78	16.94	348.78	-18.48	347.09	-157.37
348.8	16.697	348.8	-18.055	347.1	-148.41
348.81	16.459	348.81	-17.643	347.1	-140.06
348.82	16.226	348.82	-17.244	347.11	-132.26
348.84	15.999	348.84	-16.857	347.11	-124.96
348.85	15.777	348.85	-16.481	347.12	-118.12
348.86	15.56	348.86	-16.116	347.12	-111.71
348.88	15.347	348.88	-15.762	347.13	-105.68
348.89	15.139	348.89	-15.419	347.13	-100
348.9	14.936	348.9	-15.085	347.14	-94.655
348.92	14.737	348.92	-14.762	347.14	-89.608
348.93	14.542	348.93	-14.447	347.15	-84.838
348.94	14.352	348.94	-14.142	347.16	-80.322
348.96	14.165	348.96	-13.845	347.16	-76.04
348.97	13.983	348.97	-13.557	347.17	-71.975
348.98	13.804	348.98	-13.277	347.17	-68.108
349	13.629	349	-13.005	347.18	-64.426
349.01	13.457	349.01	-12.74	347.18	-60.912
349.02	13.289	349.02	-12.483	347.19	-57.555
349.04	13.124	349.04	-12.233	347.19	-54.34
349.05	12.963	349.05	-11.989	347.2	-51.258
349.06	12.805	349.06	-11.752	347.21	-48.297
349.08	12.649	349.08	-11.522	347.21	-45.447
349.09	12.497	349.09	-11.298	347.22	-42.699
349.1	12.348	349.1	-11.08	347.22	-40.043
349.12	12.202	349.12	-10.867	347.23	-37.473
349.13	12.058	349.13	-10.66	347.23	-34.978
349.14	11.918	349.14	-10.459	347.24	-32.554
349.16	11.78	349.16	-10.263	347.24	-30.191
349.17	11.644	349.17	-10.071	347.25	-27.883
349.18	11.511	349.18	-9.8852	347.25	-25.624
349.2	11.38	349.2	-9.7038	347.26	-23.407
349.21	11.252	349.21	-9.5269	347.27	-21.226
349.22	11.126	349.22	-9.3544	347.27	-19.076
349.24	11.003	349.24	-9.1863	347.28	-16.949
349.25	10.882	349.25	-9.0223	347.28	-14.842
349.26	10.762	349.26	-8.8624	347.29	-12.746
349.28	10.645	349.28	-8.7064	347.29	-10.658
349.29	10.53	349.29	-8.5542	347.3	-8.5704
349.3	10.417	349.3	-8.4057	347.3	-6.4784
349.32	10.306	349.32	-8.2608	347.31	-4.3758
349.33	10.197	349.33	-8.1193	347.32	-2.2565
349.34	10.09	349.34	-7.9812	347.32	-0.1145
349.36	9.9841	349.36	-7.8464	347.33	2.0567
349.37	9.8804	349.37	-7.7147	347.33	4.2637
349.38	9.7784	349.38	-7.5861	347.34	6.5134
349.4	9.6781	349.4	-7.4604	347.34	8.813
349.41	9.5795	349.41	-7.3377	347.35	11.17
349.42	9.4825	349.42	-7.2177	347.35	13.593
349.44	9.387	349.44	-7.1005	347.36	16.09
349.45	9.2931	349.45	-6.986	347.37	18.67
349.46	9.2008	349.46	-6.874	347.37	21.343
349.48	9.1099	349.48	-6.7645	347.38	24.119
349.49	9.0204	349.49	-6.6574	347.38	27.011
349.5	8.9323	349.5	-6.5527	347.39	30.029
349.52	8.8457	349.52	-6.4502	347.39	33.188
349.53	8.7604	349.53	-6.35	347.4	36.501
349.54	8.6764	349.54	-6.252	347.4	39.984
349.56	8.5937	349.56	-6.1561	347.41	43.655
349.57	8.5122	349.57	-6.0622	347.41	47.533
349.58	8.432	349.58	-5.9703	347.42	51.638
349.6	8.353	349.6	-5.8804	347.43	55.992
349.61	8.2752	349.61	-5.7924	347.43	60.622
349.62	8.1986	349.62	-5.7061	347.44	65.555
349.64	8.1231	349.64	-5.6217	347.44	70.822
349.65	8.0487	349.65	-5.539	347.45	76.458
349.66	7.9754	349.66	-5.4581	347.45	82.5
349.68	7.9032	349.68	-5.3787	347.46	88.992
349.69	7.832	349.69	-5.301	347.46	95.982
349.7	7.7618	349.7	-5.2248	347.47	103.52
349.72	7.6927	349.72	-5.1502	347.48	111.68
349.73	7.6245	349.73	-5.077	347.48	120.51
349.74	7.5573	349.74	-5.0053	347.49	130.1
349.76	7.4911	349.76	-4.935	347.49	140.54
349.77	7.4258	349.77	-4.8661	347.5	151.91
349.78	7.3613	349.78	-4.7985	347.5	164.35
349.8	7.2978	349.8	-4.7323	347.51	177.97
349.81	7.2352	349.81	-4.6673	347.51	192.92
349.82	7.1734	349.82	-4.6035	347.52	209.37
349.84	7.1124	349.84	-4.541	347.52	227.52
349.85	7.0523	349.85	-4.4796	347.53	247.59
349.86	6.993	349.86	-4.4194	347.54	269.83
349.88	6.9345	349.88	-4.3604	347.54	294.54
349.89	6.8767	349.89	-4.3024	347.55	322.08
349.9	6.8197	349.9	-4.2455	347.55	352.84
349.92	6.7635	349.92	-4.1897	347.56	387.31
349.93	6.708	349.93	-4.1348	347.56	426.02
349.94	6.6533	349.94	-4.081	347.57	469.64
349.96	6.5992	349.96	-4.0282	347.57	518.91
349.97	6.5459	349.97	-3.9763	347.58	574.75
349.98	6.4932	349.98	-3.9253	347.59	638.21
350	6.4412	350	-3.8753	347.59	710.54
350.01	6.3899	350.01	-3.8261	347.6	793.22
350.02	6.3392	350.02	-3.7778	347.6	887.97
350.04	6.2892	350.04	-3.7304	347.61	996.85
350.05	6.2397	350.05	-3.6837	347.61	1122.2
350.06	6.1909	350.06	-3.6379	347.62	1266.9
350.08	6.1428	350.08	-3.5929	347.62	1434
350.09	6.0952	350.09	-3.5487	347.63	1627
350.1	6.0481	350.1	-3.5052	347.64	1849.9
350.12	6.0017	350.12	-3.4625	347.64	2106.4
350.13	5.9558	350.13	-3.4204	347.65	2400
350.14	5.9105	350.14	-3.3791	347.65	2733
350.16	5.8657	350.16	-3.3385	347.66	3105.3
350.17	5.8215	350.17	-3.2986	347.66	3511.9
350.18	5.7778	350.18	-3.2593	347.67	3939.9
350.2	5.7346	350.2	-3.2207	347.67	4364
350.21	5.6919	350.21	-3.1827	347.68	4741.4
350.22	5.6497	350.22	-3.1454	347.68	5006.6
350.24	5.608	350.24	-3.1086	347.69	5071.4
350.25	5.5668	350.25	-3.0725	347.7	4833.6
350.26	5.5261	350.26	-3.0369	347.7	4201.4
350.28	5.4859	350.28	-3.0019	347.71	3133.2
350.29	5.4461	350.29	-2.9675	347.71	1678.5
350.3	5.4068	350.3	-2.9336	347.72	-6.3334
350.32	5.3679	350.32	-2.9002	347.72	-1691.2
350.33	5.3294	350.33	-2.8674	347.73	-3145.9
350.34	5.2914	350.34	-2.8351	347.73	-4214.1
350.36	5.2538	350.36	-2.8033	347.74	-4846.3
350.37	5.2167	350.37	-2.772	347.75	-5084.1
350.38	5.1799	350.38	-2.7412	347.75	-5019.3
350.4	5.1436	350.4	-2.7108	347.76	-4754.2
350.41	5.1077	350.41	-2.6809	347.76	-4376.8
350.42	5.0721	350.42	-2.6515	347.77	-3952.7
350.44	5.037	350.44	-2.6225	347.77	-3524.8
350.45	5.0022	350.45	-2.594	347.78	-3118.3
350.46	4.9678	350.46	-2.5659	347.78	-2746.1
350.48	4.9338	350.48	-2.5382	347.79	-2413.1
350.49	4.9001	350.49	-2.5109	347.79	-2119.5
350.5	4.8668	350.5	-2.4841	347.8	-1863.1
350.52	4.8339	350.52	-2.4576	347.81	-1640.3
350.53	4.8013	350.53	-2.4315	347.81	-1447.3
350.54	4.7691	350.54	-2.4058	347.82	-1280.3
350.56	4.7372	350.56	-2.3805	347.82	-1135.8
350.57	4.7056	350.57	-2.3556	347.83	-1010.5
350.58	4.6744	350.58	-2.331	347.83	-901.71
350.6	4.6434	350.6	-2.3068	347.84	-807.07
350.61	4.6129	350.61	-2.2829	347.84	-724.51
350.62	4.5826	350.62	-2.2593	347.85	-652.3
350.64	4.5526	350.64	-2.2361	347.86	-588.97
350.65	4.523	350.65	-2.2133	347.86	-533.26
350.66	4.4936	350.66	-2.1907	347.87	-484.13
350.68	4.4646	350.68	-2.1685	347.87	-440.66
350.69	4.4358	350.69	-2.1466	347.88	-402.1
350.7	4.4073	350.7	-2.125	347.88	-367.8
350.72	4.3791	350.72	-2.1037	347.89	-337.2
350.73	4.3512	350.73	-2.0826	347.89	-309.84
350.74	4.3236	350.74	-2.0619	347.9	-285.31
350.76	4.2963	350.76	-2.0415	347.91	-263.26
350.77	4.2692	350.77	-2.0213	347.91	-243.39
350.78	4.2424	350.78	-2.0014	347.92	-225.45
350.8	4.2158	350.8	-1.9818	347.92	-209.22
350.81	4.1895	350.81	-1.9625	347.93	-194.49
350.82	4.1635	350.82	-1.9434	347.93	-181.11
350.84	4.1377	350.84	-1.9245	347.94	-168.91
350.85	4.1122	350.85	-1.906	347.94	-157.79
350.86	4.0869	350.86	-1.8876	347.95	-147.62
350.88	4.0619	350.88	-1.8695	347.95	-138.3
350.89	4.037	350.89	-1.8517	347.96	-129.75
350.9	4.0125	350.9	-1.8341	347.97	-121.9
350.92	3.9882	350.92	-1.8167	347.97	-114.67
350.93	3.964	350.93	-1.7995	347.98	-108
350.94	3.9402	350.94	-1.7826	347.98	-101.84
350.96	3.9165	350.96	-1.7659	347.99	-96.142
350.97	3.8931	350.97	-1.7494	347.99	-90.867
350.98	3.8699	350.98	-1.7331	348	-85.974
351	3.8469	351	-1.717	348	-81.43
351.01	3.8241	351.01	-1.7012	348.01	-77.205
351.02	3.8015	351.02	-1.6855	348.02	-73.271
351.04	3.7792	351.04	-1.67	348.02	-69.603
351.05	3.757	351.05	-1.6547	348.03	-66.18
351.06	3.735	351.06	-1.6397	348.03	-62.981
351.08	3.7133	351.08	-1.6248	348.04	-59.989
351.09	3.6917	351.09	-1.6101	348.04	-57.187
351.1	3.6704	351.1	-1.5955	348.05	-54.56
351.12	3.6492	351.12	-1.5812	348.05	-52.095
351.13	3.6282	351.13	-1.567	348.06	-49.78
351.14	3.6074	351.14	-1.5531	348.06	-47.603
351.16	3.5868	351.16	-1.5392	348.07	-45.554
351.17	3.5664	351.17	-1.5256	348.08	-43.624
351.18	3.5461	351.18	-1.5121	348.08	-41.804
351.2	3.526	351.2	-1.4988	348.09	-40.087
351.21	3.5062	351.21	-1.4856	348.09	-38.465
351.22	3.4864	351.22	-1.4726	348.1	-36.933
351.24	3.4669	351.24	-1.4598	348.1	-35.483
351.25	3.4475	351.25	-1.4471	348.11	-34.11
351.26	3.4283	351.26	-1.4346	348.11	-32.81
351.28	3.4093	351.28	-1.4222	348.12	-31.577
351.29	3.3904	351.29	-1.4099	348.13	-30.407
351.3	3.3717	351.3	-1.3978	348.13	-29.296
351.32	3.3531	351.32	-1.3859	348.14	-28.241
351.33	3.3347	351.33	-1.3741	348.14	-27.238
351.34	3.3165	351.34	-1.3624	348.15	-26.283
351.36	3.2984	351.36	-1.3509	348.15	-25.375
351.37	3.2805	351.37	-1.3395	348.16	-24.509
351.38	3.2627	351.38	-1.3282	348.16	-23.684
351.4	3.2451	351.4	-1.3171	348.17	-22.897
351.41	3.2276	351.41	-1.306	348.18	-22.147
351.42	3.2102	351.42	-1.2952	348.18	-21.43
351.44	3.193	351.44	-1.2844	348.19	-20.745
351.45	3.176	351.45	-1.2738	348.19	-20.09
351.46	3.1591	351.46	-1.2632	348.2	-19.464
351.48	3.1423	351.48	-1.2528	348.2	-18.865
351.49	3.1257	351.49	-1.2426	348.21	-18.292
351.5	3.1092	351.5	-1.2324	348.21	-17.742
351.52	3.0928	351.52	-1.2223	348.22	-17.216
351.53	3.0766	351.53	-1.2124	348.22	-16.711
351.54	3.0605	351.54	-1.2026	348.23	-16.227
351.56	3.0445	351.56	-1.1929	348.24	-15.762
351.57	3.0287	351.57	-1.1832	348.24	-15.316
351.58	3.013	351.58	-1.1737	348.25	-14.888
351.6	2.9974	351.6	-1.1643	348.25	-14.476
351.61	2.9819	351.61	-1.155	348.26	-14.08
351.62	2.9666	351.62	-1.1459	348.26	-13.699
351.64	2.9514	351.64	-1.1368	348.27	-13.333
351.65	2.9363	351.65	-1.1278	348.27	-12.981
351.66	2.9213	351.66	-1.1189	348.28	-12.641
351.68	2.9065	351.68	-1.1101	348.29	-12.314
351.69	2.8917	351.69	-1.1014	348.29	-11.999
351.7	2.8771	351.7	-1.0927	348.3	-11.695
351.72	2.8626	351.72	-1.0842	348.3	-11.402
351.73	2.8482	351.73	-1.0758	348.31	-11.119
351.74	2.8339	351.74	-1.0674	348.31	-10.847
351.76	2.8197	351.76	-1.0592	348.32	-10.583
351.77	2.8057	351.77	-1.051	348.32	-10.329
351.78	2.7917	351.78	-1.0429	348.33	-10.083
351.8	2.7779	351.8	-1.035	348.33	-9.846
351.81	2.7641	351.81	-1.027	348.34	-9.6165
351.82	2.7505	351.82	-1.0192	348.35	-9.3946
351.84	2.7369	351.84	-1.0115	348.35	-9.1799
351.85	2.7235	351.85	-1.0038	348.36	-8.9722
351.86	2.7102	351.86	-0.99622	348.36	-8.7712
351.88	2.6969	351.88	-0.98871	348.37	-8.5765
351.89	2.6838	351.89	-0.98128	348.37	-8.388
351.9	2.6708	351.9	-0.97393	348.38	-8.2054
351.92	2.6579	351.92	-0.96665	348.38	-8.0285
351.93	2.645	351.93	-0.95944	348.39	-7.857
351.94	2.6323	351.94	-0.95231	348.4	-7.6907
351.96	2.6196	351.96	-0.94525	348.4	-7.5294
351.97	2.6071	351.97	-0.93827	348.41	-7.3729
351.98	2.5946	351.98	-0.93135	348.41	-7.2211
352	2.5822	352	-0.9245	348.42	-7.0738
352.01	2.57	352.01	-0.91772	348.42	-6.9307
352.02	2.5578	352.02	-0.91101	348.43	-6.7918
352.04	2.5457	352.04	-0.90437	348.43	-6.6569
352.05	2.5337	352.05	-0.89779	348.44	-6.5258
352.06	2.5217	352.06	-0.89128	348.45	-6.3985
352.08	2.5099	352.08	-0.88484	348.45	-6.2746
352.09	2.4981	352.09	-0.87845	348.46	-6.1543
352.1	2.4865	352.1	-0.87213	348.46	-6.0372
352.12	2.4749	352.12	-0.86587	348.47	-5.9233
352.13	2.4634	352.13	-0.85968	348.47	-5.8125
352.14	2.452	352.14	-0.85354	348.48	-5.7047
352.16	2.4406	352.16	-0.84746	348.48	-5.5998
352.17	2.4294	352.17	-0.84144	348.49	-5.4977
352.18	2.4182	352.18	-0.83548	348.49	-5.3982
352.2	2.4071	352.2	-0.82958	348.5	-5.3013
352.21	2.3961	352.21	-0.82374	348.51	-5.207
352.22	2.3851	352.22	-0.81795	348.51	-5.115
352.24	2.3743	352.24	-0.81222	348.52	-5.0254
352.25	2.3635	352.25	-0.80654	348.52	-4.9381
352.26	2.3528	352.26	-0.80091	348.53	-4.8529
352.28	2.3421	352.28	-0.79534	348.53	-4.7699
352.29	2.3316	352.29	-0.78982	348.54	-4.6889
352.3	2.3211	352.3	-0.78436	348.54	-4.6099
352.32	2.3107	352.32	-0.77894	348.55	-4.5329
352.33	2.3003	352.33	-0.77358	348.56	-4.4577
352.34	2.29	352.34	-0.76827	348.56	-4.3843
352.36	2.2798	352.36	-0.763	348.57	-4.3126
352.37	2.2697	352.37	-0.75779	348.57	-4.2427
352.38	2.2596	352.38	-0.75262	348.58	-4.1744
352.4	2.2496	352.4	-0.7475	348.58	-4.1077
352.41	2.2397	352.41	-0.74243	348.59	-4.0425
352.42	2.2298	352.42	-0.73741	348.59	-3.9789
352.44	2.22	352.44	-0.73243	348.6	-3.9167
352.45	2.2103	352.45	-0.7275	348.6	-3.8559
352.46	2.2006	352.46	-0.72262	348.61	-3.7964
352.48	2.191	352.48	-0.71777	348.62	-3.7383
352.49	2.1815	352.49	-0.71298	348.62	-3.6815
352.5	2.172	352.5	-0.70822	348.63	-3.626
352.52	2.1626	352.52	-0.70351	348.63	-3.5716
352.53	2.1533	352.53	-0.69884	348.64	-3.5185
352.54	2.144	352.54	-0.69422	348.64	-3.4665
352.56	2.1348	352.56	-0.68963	348.65	-3.4156
352.57	2.1256	352.57	-0.68509	348.65	-3.3658
352.58	2.1165	352.58	-0.68059	348.66	-3.3171
352.6	2.1074	352.6	-0.67613	348.67	-3.2694
352.61	2.0985	352.61	-0.6717	348.67	-3.2227
352.62	2.0895	352.62	-0.66732	348.68	-3.1769
352.64	2.0807	352.64	-0.66298	348.68	-3.1321
352.65	2.0719	352.65	-0.65867	348.69	-3.0883
352.66	2.0631	352.66	-0.6544	348.69	-3.0453
352.68	2.0544	352.68	-0.65017	348.7	-3.0032
352.69	2.0458	352.69	-0.64598	348.7	-2.9619
352.7	2.0372	352.7	-0.64183	348.71	-2.9215
352.72	2.0287	352.72	-0.63771	348.72	-2.8819