b1	1
334.75	4.05554
334.752	4.09513
334.754	4.13529
334.756	4.17601
334.758	4.21732
334.76	4.25922
334.762	4.30173
334.764	4.34485
334.766	4.3886
334.768	4.43299
334.77	4.47804
334.772	4.52375
334.773	4.57014
334.775	4.61722
334.777	4.66501
334.779	4.71353
334.781	4.76277
334.783	4.81277
334.785	4.86354
334.787	4.91509
334.789	4.96743
334.791	5.02059
334.793	5.07458
334.795	5.12943
334.797	5.18514
334.799	5.24173
334.801	5.29923
334.803	5.35765
334.805	5.41702
334.807	5.47736
334.809	5.53868
334.811	5.601
334.813	5.66436
334.815	5.72877
334.816	5.79426
334.818	5.86085
334.82	5.92857
334.822	5.99743
334.824	6.06748
334.826	6.13873
334.828	6.21121
334.83	6.28496
334.832	6.36
334.834	6.43637
334.836	6.51409
334.838	6.59319
334.84	6.67372
334.842	6.7557
334.844	6.83917
334.846	6.92418
334.848	7.01074
334.85	7.09892
334.852	7.18874
334.854	7.28024
334.856	7.37348
334.858	7.4685
334.859	7.56533
334.861	7.66403
334.863	7.76465
334.865	7.86724
334.867	7.97185
334.869	8.07854
334.871	8.18736
334.873	8.29837
334.875	8.41162
334.877	8.52719
334.879	8.64514
334.881	8.76553
334.883	8.88843
334.885	9.01392
334.887	9.14207
334.889	9.27295
334.891	9.40665
334.893	9.54325
334.895	9.68283
334.897	9.82549
334.899	9.97131
334.901	10.1204
334.902	10.2729
334.904	10.4288
334.906	10.5883
334.908	10.7515
334.91	10.9185
334.912	11.0894
334.914	11.2644
334.916	11.4435
334.918	11.627
334.92	11.815
334.922	12.0076
334.924	12.205
334.926	12.4073
334.928	12.6147
334.93	12.8274
334.932	13.0456
334.934	13.2694
334.936	13.4992
334.938	13.735
334.94	13.9771
334.942	14.2258
334.944	14.4812
334.946	14.7437
334.947	15.0136
334.949	15.291
334.951	15.5763
334.953	15.8698
334.955	16.1718
334.957	16.4827
334.959	16.8028
334.961	17.1326
334.963	17.4724
334.965	17.8226
334.967	18.1836
334.969	18.5561
334.971	18.9403
334.973	19.337
334.975	19.7465
334.977	20.1696
334.979	20.6068
334.981	21.0587
334.983	21.5261
334.985	22.0098
334.987	22.5104
334.989	23.0288
334.99	23.5659
334.992	24.1226
334.994	24.7
334.996	25.299
334.998	25.9209
335	26.5668
335.002	27.2379
335.004	27.9358
335.006	28.6618
335.008	29.4176
335.01	30.2047
335.012	31.0251
335.014	31.8807
335.016	32.7735
335.018	33.7058
335.02	34.68
335.022	35.6988
335.024	36.765
335.026	37.8815
335.028	39.0517
335.03	40.2792
335.032	41.5677
335.033	42.9216
335.035	44.3453
335.037	45.8439
335.039	47.4227
335.041	49.0877
335.043	50.8452
335.045	52.7025
335.047	54.6672
335.049	56.7479
335.051	58.9539
335.053	61.2955
335.055	63.7842
335.057	66.4326
335.059	69.2546
335.061	72.2657
335.063	75.4832
335.065	78.9263
335.067	82.6164
335.069	86.5777
335.071	90.837
335.073	95.4248
335.075	100.375
335.076	105.727
335.078	111.524
335.08	117.815
335.082	124.659
335.084	132.119
335.086	140.271
335.088	149.199
335.09	159.003
335.092	169.799
335.094	181.718
335.096	194.918
335.098	209.581
335.1	225.923
335.102	244.2
335.104	264.715
335.106	287.831
335.108	313.986
335.11	343.707
335.112	377.638
335.114	416.567
335.116	461.466
335.118	513.544
335.12	574.316
335.121	645.696
335.123	730.131
335.125	830.769
335.127	951.718
335.129	1098.39
335.131	1278.03
335.133	1500.43
335.135	1779.07
335.137	2132.83
335.139	2588.62
335.141	3185.59
335.143	3982.05
335.145	5067.03
335.147	6580.26
335.149	8747.83
335.151	11947.4
335.153	16830.7
335.155	24552.4
335.157	37175.7
335.159	58180.3
335.161	91743.2
335.163	132906
335.164	129852
335.166	116.218
335.168	-129619
335.17	-132672
335.172	-91508.5
335.174	-57943.8
335.176	-36936.8
335.178	-24310.7
335.18	-16585.4
335.182	-11698.2
335.184	-8493.93
335.186	-6321.05
335.188	-4801.83
335.19	-3710.15
335.192	-2906.21
335.194	-2300.93
335.196	-1835.95
335.198	-1472.04
335.2	-1182.21
335.202	-947.504
335.204	-754.335
335.206	-592.787
335.207	-455.493
335.209	-336.891
335.211	-232.704
335.213	-139.588
335.215	-54.8769
335.217	23.5983
335.219	97.6453
335.221	168.81
335.223	238.456
335.225	307.824
335.227	378.085
335.229	450.388
335.231	525.894
335.233	605.825
335.235	691.498
335.237	784.379
335.239	886.13
335.241	998.674
335.243	1124.27
335.245	1265.63
335.247	1426
335.249	1609.37
335.25	1820.64
335.252	2065.95
335.254	2353
335.256	2691.64
335.258	3094.49
335.26	3578.02
335.262	4163.92
335.264	4881.15
335.266	5768.92
335.268	6881.2
335.27	8293.48
335.272	10113.4
335.274	12497.6
335.276	15679.3
335.278	20014.6
335.28	26062.4
335.282	34727.1
335.284	47519.5
335.286	67045.8
335.288	97925.7
335.29	148411
335.292	232422
335.293	366664
335.295	531304
335.297	519079
335.299	126.125
335.301	-518826
335.303	-531051
335.305	-366410
335.307	-232165
335.309	-148152
335.311	-97663
335.313	-66779.2
335.315	-47248.4
335.317	-34450.8
335.319	-25780.2
335.321	-19725.6
335.323	-15382.9
335.325	-12192.8
335.327	-9799.37
335.329	-7969.2
335.331	-6545.6
335.333	-5420.87
335.335	-4519.4
335.337	-3787.13
335.338	-3184.72
335.34	-2683.06
335.342	-2260.3
335.344	-1899.81
335.346	-1588.74
335.348	-1317.03
335.35	-1076.69
335.352	-861.289
335.354	-665.558
335.356	-485.109
335.358	-316.211
335.36	-155.618
335.362	-0.428464
335.364	152.026
335.366	304.283
335.368	458.837
335.37	618.226
335.372	785.123
335.374	962.422
335.376	1153.36
335.378	1361.61
335.38	1591.49
335.381	1848.11
335.383	2137.61
335.385	2467.54
335.387	2847.23
335.389	3288.38
335.391	3805.83
335.393	4418.65
335.395	5151.59
335.397	6037.28
335.399	7119.22
335.401	8456.28
335.403	10129.5
335.405	12252.1
335.407	14985.5
335.409	18564.9
335.411	23340
335.413	29845
335.415	38918.4
335.417	51916.7
335.419	71106
335.421	100396
335.423	146716
335.424	222444
335.426	348458
335.428	549821
335.43	796780
335.432	778439
335.434	7.55146
335.436	-778424
335.438	-796764
335.44	-549806
335.442	-348443
335.444	-222428
335.446	-146700
335.448	-100380
335.45	-71090.5
335.452	-51901.1
335.454	-38902.7
335.456	-29829.1
335.458	-23324
335.46	-18548.7
335.462	-14969.1
335.464	-12235.4
335.466	-10112.6
335.467	-8439.16
335.469	-7101.8
335.471	-6019.54
335.473	-5133.49
335.475	-4400.14
335.477	-3786.89
335.479	-3268.95
335.481	-2827.26
335.483	-2446.96
335.485	-2116.36
335.487	-1826.1
335.489	-1568.65
335.491	-1337.82
335.493	-1128.5
335.495	-936.371
335.497	-757.712
335.499	-589.27
335.501	-428.114
335.503	-271.535
335.505	-116.946
335.507	38.2091
335.509	196.539
335.511	360.806
335.512	534.024
335.514	719.585
335.516	921.406
335.518	1144.11
335.52	1393.27
335.522	1675.72
335.524	1999.98
335.526	2376.81
335.528	2820.02
335.53	3347.55
335.532	3983.08
335.534	4758.27
335.536	5716.14
335.538	6916.16
335.54	8441.95
335.542	10413.5
335.544	13006.6
335.546	16485.3
335.548	21256.6
335.55	27965.6
335.552	37668.5
335.554	52149.9
335.555	74519.4
335.557	110305
335.559	169175
335.561	265747
335.563	407591
335.565	528017
335.567	389111
335.569	-129842
335.571	-522112
335.573	-490121
335.575	-333079
335.577	-211394
335.579	-135764
335.581	-90179.5
335.583	-62137.3
335.585	-44293.8
335.587	-32532.7
335.589	-24521.5
335.591	-18901.1
335.593	-14853.4
335.595	-11870.4
335.597	-9626.42
335.598	-7907.58
335.6	-6569.43
335.602	-5512.37
335.604	-4666.3
335.606	-3980.92
335.608	-3419.6
335.61	-2955.17
335.612	-2567.27
335.614	-2240.37
335.616	-1962.55
335.618	-1724.49
335.62	-1518.88
335.622	-1339.89
335.624	-1182.84
335.626	-1043.93
335.628	-920.033
335.63	-808.559
335.632	-707.327
335.634	-614.478
335.636	-528.398
335.638	-447.662
335.64	-370.976
335.641	-297.139
335.643	-224.999
335.645	-153.415
335.647	-81.2143
335.649	-7.14998
335.651	70.1517
335.653	152.253
335.655	240.981
335.657	338.533
335.659	447.605
335.661	571.58
335.663	714.778
335.665	882.816
335.667	1083.12
335.669	1325.67
335.671	1624.15
335.673	1997.61
335.675	2473.15
335.677	3090.12
335.679	3907.05
335.681	5013.2
335.683	6548.57
335.685	8739.55
335.686	11964.2
335.688	16874.4
335.69	24625.6
335.692	37281.3
335.694	58322.1
335.696	91925.6
335.698	133134
335.7	130133
335.702	458.172
335.704	-129206
335.706	-132176
335.708	-90912.8
335.71	-57229.1
335.712	-36077.9
335.714	-23275.1
335.716	-15331.1
335.718	-10169.4
335.72	-6616.14
335.722	-3992.92
335.724	-1882.86
335.726	-1.57603
335.728	1879.7
335.729	3989.75
335.731	6612.94
335.733	10166.1
335.735	15327.8
335.737	23271.8
335.739	36074.5
335.741	57225.6
335.743	90909.2
335.745	132172
335.747	129202
335.749	-462.079
335.751	-130137
335.753	-133138
335.755	-91930
335.757	-58326.6
335.759	-37286.1
335.761	-24630.6
335.763	-16879.7
335.765	-11969.7
335.767	-8745.44
335.769	-6554.81
335.771	-5019.81
335.772	-3914.08
335.774	-3097.6
335.776	-2481.13
335.778	-2006.15
335.78	-1633.3
335.782	-1335.5
335.784	-1093.69
335.786	-894.21
335.788	-727.086
335.79	-584.902
335.792	-462.055
335.794	-354.241
335.796	-258.095
335.798	-170.94
335.8	-90.6048
335.802	-15.2897
335.804	56.5337
335.806	126.199
335.808	194.907
335.81	263.774
335.812	333.874
335.814	406.277
335.815	482.089
335.817	562.481
335.819	648.737
335.821	742.291
335.823	844.784
335.825	958.119
335.827	1084.55
335.829	1226.75
335.831	1387.99
335.833	1572.23
335.835	1784.38
335.837	2030.56
335.839	2318.49
335.841	2657.98
335.843	3061.69
335.845	3546.06
335.847	4132.79
335.849	4850.83
335.851	5739.41
335.853	6852.48
335.855	8265.55
335.857	10086.2
335.859	12471.2
335.86	15653.6
335.862	19989.6
335.864	26038.2
335.866	34703.7
335.868	47496.8
335.87	67023.8
335.872	97904.4
335.874	148391
335.876	232402
335.878	366645
335.88	531286
335.882	519061
335.884	109.225
335.886	-518842
335.888	-531066
335.89	-366424
335.892	-232178
335.894	-148165
335.896	-97675.1
335.898	-66790.4
335.9	-47258.6
335.902	-34460
335.903	-25788.4
335.905	-19732.7
335.907	-15388.8
335.909	-12197.5
335.911	-9802.75
335.913	-7971.18
335.915	-6546.08
335.917	-5419.72
335.919	-4516.49
335.921	-3782.32
335.923	-3177.82
335.925	-2673.89
335.927	-2248.64
335.929	-1885.41
335.931	-1571.3
335.933	-1296.23
335.935	-1052.15
335.937	-832.568
335.939	-632.157
335.941	-446.446
335.943	-271.61
335.945	-104.289
335.946	58.552
335.948	219.743
335.95	382.018
335.952	548.108
335.954	720.843
335.956	903.249
335.958	1098.67
335.96	1310.87
335.962	1544.24
335.964	1803.95
335.966	2096.2
335.968	2428.59
335.97	2810.46
335.972	3253.57
335.974	3772.79
335.976	4387.18
335.978	5121.56
335.98	6008.54
335.982	7091.64
335.984	8429.76
335.986	10103.9
335.988	12227.4
335.989	14961.6
335.991	18541.7
335.993	23317.5
335.995	29823.1
335.997	38897
335.999	51895.8
336.001	71085.6
336.003	100376
336.005	146696
336.007	222424
336.009	348439
336.011	549802
336.013	796761
336.015	778421
336.017	-10.5777
336.019	-778442
336.021	-796782
336.023	-549824
336.025	-348460
336.027	-222446
336.029	-146718
336.031	-100398
336.033	-71108
336.034	-51918.5
336.036	-38920.2
336.038	-29846.7
336.04	-23341.6
336.042	-18566.4
336.044	-14987
336.046	-12253.4
336.048	-10130.8
336.05	-8457.54
336.052	-7120.42
336.054	-6038.43
336.056	-5152.69
336.058	-4419.69
336.06	-3806.84
336.062	-3289.34
336.064	-2848.15
336.066	-2468.43
336.068	-2138.46
336.07	-1848.92
336.072	-1592.27
336.074	-1362.36
336.076	-1154.07
336.077	-963.113
336.079	-785.786
336.081	-618.865
336.083	-459.451
336.085	-304.874
336.087	-152.595
336.089	-0.119658
336.091	155.09
336.093	315.702
336.095	484.618
336.097	665.084
336.099	860.832
336.101	1076.25
336.103	1316.61
336.105	1588.33
336.107	1899.42
336.109	2259.92
336.111	2682.69
336.113	3184.36
336.115	3786.78
336.117	4519.06
336.119	5420.54
336.12	6545.29
336.122	7968.89
336.124	9799.07
336.126	12192.5
336.128	15382.6
336.13	19725.4
336.132	25779.9
336.134	34450.6
336.136	47248.2
336.138	66779
336.14	97662.8
336.142	148152
336.144	232164
336.146	366409
336.148	531051
336.15	518826
336.152	-126.319
336.154	-519079
336.156	-531305
336.158	-366665
336.16	-232422
336.162	-148411
336.163	-97925.9
336.165	-67045.9
336.167	-47519.6
336.169	-34727.3
336.171	-26062.5
336.173	-20014.7
336.175	-15679.4
336.177	-12497.7
336.179	-10113.5
336.181	-8293.61
336.183	-6881.33
336.185	-5769.04
336.187	-4881.27
336.189	-4164.04
336.191	-3578.14
336.193	-3094.6
336.195	-2691.75
336.197	-2353.11
336.199	-2066.05
336.201	-1820.74
336.203	-1609.46
336.205	-1426.1
336.207	-1265.72
336.208	-1124.37
336.21	-998.764
336.212	-886.218
336.214	-784.465
336.216	-691.582
336.218	-605.907
336.22	-525.975
336.222	-450.466
336.224	-378.162
336.226	-307.899
336.228	-238.529
336.23	-168.882
336.232	-97.7157
336.234	-23.6672
336.236	54.8095
336.238	139.522
336.24	232.639
336.242	336.828
336.244	455.432
336.246	592.726
336.248	754.276
336.25	947.446
336.251	1182.15
336.253	1471.98
336.255	1835.89
336.257	2300.87
336.259	2906.15
336.261	3710.1
336.263	4801.78
336.265	6321
336.267	8493.88
336.269	11698.1
336.271	16585.4
336.273	24310.6
336.275	36936.8
336.277	57943.7
336.279	91508.5
336.281	132672
336.283	129619
336.285	-116.259
336.287	-129852
336.289	-132906
336.291	-91743.3
336.293	-58180.4
336.294	-37175.8
336.296	-24552.5
336.298	-16830.7
336.3	-11947.5
336.302	-8747.87
336.304	-6580.29
336.306	-5067.06
336.308	-3982.08
336.31	-3185.62
336.312	-2588.65
336.314	-2132.86
336.316	-1779.1
336.318	-1500.46
336.32	-1278.06
336.322	-1098.42
336.324	-951.747
336.326	-830.797
336.328	-730.158
336.33	-645.724
336.332	-574.342
336.334	-513.57
336.336	-461.492
336.337	-416.592
336.339	-377.663
336.341	-343.732
336.343	-314.01
336.345	-287.855
336.347	-264.738
336.349	-244.223
336.351	-225.946
336.353	-209.603
336.355	-194.94
336.357	-181.74
336.359	-169.82
336.361	-159.024
336.363	-149.22
336.365	-140.291
336.367	-132.139
336.369	-124.679
336.371	-117.835
336.373	-111.543
336.375	-105.746
336.377	-100.394
336.379	-95.4431
336.38	-90.8551
336.382	-86.5955
336.384	-82.6339
336.386	-78.9435
336.388	-75.5002
336.39	-72.2824
336.392	-69.2711
336.394	-66.4489
336.396	-63.8003
336.398	-61.3113
336.4	-58.9695
336.402	-56.7632
336.404	-54.6824
336.406	-52.7174
336.408	-50.86
336.41	-49.1022
336.412	-47.437
336.414	-45.858
336.416	-44.3592
336.418	-42.9353
336.42	-41.5813
336.422	-40.2925
336.424	-39.0649
336.425	-37.8945
336.427	-36.7778
336.429	-35.7115
336.431	-34.6925
336.433	-33.7181
336.435	-32.7856
336.437	-31.8926
336.439	-31.0369
336.441	-30.2164
336.443	-29.4291
336.445	-28.6732
336.447	-27.947
336.449	-27.249
336.451	-26.5777
336.453	-25.9317
336.455	-25.3097
336.457	-24.7105
336.459	-24.133
336.461	-23.5761
336.463	-23.0389
336.465	-22.5203
336.467	-22.0196
336.468	-21.5359
336.47	-21.0683
336.472	-20.6162
336.474	-20.179
336.476	-19.7558
336.478	-19.3461
336.48	-18.9494
336.482	-18.565
336.484	-18.1924
336.486	-17.8313
336.488	-17.4809
336.49	-17.1411
336.492	-16.8112
336.494	-16.491
336.496	-16.18
336.498	-15.8779
336.5	-15.5843
336.502	-15.2989
336.504	-15.0214
336.506	-14.7514
336.508	-14.4889
336.51	-14.2333
336.511	-13.9845
336.513	-13.7423
336.515	-13.5064
336.517	-13.2766
336.519	-13.0527
336.521	-12.8344
336.523	-12.6216
336.525	-12.4141
336.527	-12.2117
336.529	-12.0143
336.531	-11.8216
336.533	-11.6336
336.535	-11.45
336.537	-11.2708
336.539	-11.0957
336.541	-10.9247
336.543	-10.7577
336.545	-10.5944
336.547	-10.4348
336.549	-10.2788
336.551	-10.1263
336.553	-9.97717
336.554	-9.83128
336.556	-9.68856
336.558	-9.54892
336.56	-9.41226
336.562	-9.2785
336.564	-9.14755
336.566	-9.01935
336.568	-8.8938
336.57	-8.77084
336.572	-8.6504
336.574	-8.53239
336.576	-8.41677
336.578	-8.30346
336.58	-8.19239
336.582	-8.08352
336.584	-7.97678
336.586	-7.87212
336.588	-7.76948
336.59	-7.66881
336.592	-7.57006
336.594	-7.47318
336.596	-7.37811
336.598	-7.28483
336.599	-7.19327
336.601	-7.10341
336.603	-7.01519
336.605	-6.92858
336.607	-6.84353
336.609	-6.76001
336.611	-6.67799
336.613	-6.59742
336.615	-6.51827
336.617	-6.44051
336.619	-6.3641
336.621	-6.28902
336.623	-6.21523
336.625	-6.14271
336.627	-6.07142
336.629	-6.00133
336.631	-5.93243
336.633	-5.86467
336.635	-5.79805
336.637	-5.73252
336.639	-5.66808
336.641	-5.60468
336.642	-5.54232
336.644	-5.48096
336.646	-5.4206
336.648	-5.36119
336.65	-5.30273
336.652	-5.2452
336.654	-5.18857
336.656	-5.13283
336.658	-5.07796
336.66	-5.02393
336.662	-4.97074
336.664	-4.91836
336.666	-4.86679
336.668	-4.81599
336.67	-4.76596
336.672	-4.71668
336.674	-4.66814
336.676	-4.62032
336.678	-4.57321
336.68	-4.52679
336.682	-4.48105
336.684	-4.43598
336.685	-4.39156
336.687	-4.34778
336.689	-4.30463
336.691	-4.2621
336.693	-4.22017
336.695	-4.17884
336.697	-4.13809
336.699	-4.09791
336.701	-4.05829
336.703	-4.01923
336.705	-3.9807
336.707	-3.9427
336.709	-3.90523
336.711	-3.86826
336.713	-3.8318
336.715	-3.79584
336.717	-3.76035
336.719	-3.72534
336.721	-3.6908
336.723	-3.65672
336.725	-3.62309
336.727	-3.58991
336.728	-3.55715
336.73	-3.52483
336.732	-3.49293
336.734	-3.46144
336.736	-3.43035
336.738	-3.39967
336.74	-3.36938
336.742	-3.33947
336.744	-3.30994
336.746	-3.28079
336.748	-3.252
336.75	-3.22358