b1	1	b2	2
342.96	3.1611	342.69	1.6445
342.97	3.206	342.7	1.6648
342.97	3.2519	342.7	1.6856
342.98	3.2987	342.71	1.7067
342.98	3.3464	342.71	1.7281
342.99	3.395	342.72	1.7499
342.99	3.4446	342.72	1.7722
343	3.4953	342.73	1.7948
343	3.5469	342.74	1.8178
343.01	3.5996	342.74	1.8412
343.01	3.6534	342.75	1.865
343.02	3.7083	342.75	1.8893
343.02	3.7643	342.76	1.914
343.02	3.8215	342.76	1.9392
343.03	3.8798	342.77	1.9648
343.03	3.9395	342.77	1.9909
343.04	4.0003	342.78	2.0175
343.04	4.0625	342.78	2.0446
343.05	4.126	342.79	2.0721
343.05	4.1909	342.8	2.1002
343.06	4.2571	342.8	2.1289
343.06	4.3248	342.81	2.158
343.07	4.394	342.81	2.1878
343.07	4.4647	342.82	2.2181
343.08	4.537	342.82	2.2489
343.08	4.6109	342.83	2.2804
343.09	4.6865	342.83	2.3125
343.09	4.7637	342.84	2.3452
343.1	4.8427	342.84	2.3786
343.1	4.9235	342.85	2.4126
343.11	5.0061	342.86	2.4473
343.11	5.0907	342.86	2.4827
343.12	5.1772	342.87	2.5189
343.12	5.2657	342.87	2.5557
343.13	5.3564	342.88	2.5933
343.13	5.4491	342.88	2.6317
343.14	5.5441	342.89	2.6708
343.14	5.6413	342.89	2.7108
343.15	5.7409	342.9	2.7516
343.15	5.8429	342.9	2.7932
343.16	5.9474	342.91	2.8357
343.16	6.0544	342.92	2.8792
343.17	6.1641	342.92	2.9235
343.17	6.2765	342.93	2.9688
343.18	6.3917	342.93	3.0151
343.18	6.5098	342.94	3.0624
343.19	6.6309	342.94	3.1107
343.19	6.7551	342.95	3.16
343.2	6.8825	342.95	3.2105
343.2	7.0132	342.96	3.2621
343.21	7.1473	342.96	3.3148
343.21	7.2849	342.97	3.3687
343.22	7.4261	342.98	3.4238
343.22	7.5711	342.98	3.4802
343.23	7.7199	342.99	3.5379
343.23	7.8728	342.99	3.5969
343.24	8.0298	343	3.6573
343.24	8.191	343	3.7191
343.25	8.3567	343.01	3.7823
343.25	8.5271	343.01	3.847
343.26	8.7021	343.02	3.9133
343.26	8.8821	343.02	3.9811
343.27	9.0671	343.03	4.0506
343.27	9.2574	343.04	4.1218
343.28	9.4532	343.04	4.1947
343.28	9.6547	343.05	4.2693
343.29	9.862	343.05	4.3459
343.29	10.075	343.06	4.4243
343.3	10.295	343.06	4.5047
343.3	10.521	343.07	4.5871
343.31	10.754	343.07	4.6717
343.31	10.995	343.08	4.7584
343.32	11.242	343.08	4.8473
343.32	11.497	343.09	4.9385
343.33	11.76	343.1	5.0321
343.33	12.031	343.1	5.1282
343.34	12.311	343.11	5.2268
343.34	12.599	343.11	5.3281
343.35	12.897	343.12	5.432
343.35	13.204	343.12	5.5388
343.36	13.522	343.13	5.6485
343.36	13.85	343.13	5.7613
343.36	14.188	343.14	5.8771
343.37	14.538	343.14	5.9962
343.37	14.9	343.15	6.1186
343.38	15.274	343.16	6.2445
343.38	15.66	343.16	6.374
343.39	16.06	343.17	6.5072
343.39	16.474	343.17	6.6443
343.4	16.903	343.18	6.7853
343.4	17.347	343.18	6.9306
343.41	17.806	343.19	7.0801
343.41	18.282	343.19	7.2342
343.42	18.776	343.2	7.3928
343.42	19.287	343.2	7.5563
343.43	19.818	343.21	7.7249
343.43	20.368	343.22	7.8986
343.44	20.94	343.22	8.0778
343.44	21.533	343.23	8.2626
343.45	22.149	343.23	8.4533
343.45	22.789	343.24	8.6501
343.46	23.454	343.24	8.8532
343.46	24.145	343.25	9.063
343.47	24.864	343.25	9.2797
343.47	25.613	343.26	9.5036
343.48	26.392	343.26	9.7349
343.48	27.203	343.27	9.9741
343.49	28.048	343.28	10.221
343.49	28.929	343.28	10.477
343.5	29.847	343.29	10.742
343.5	30.805	343.29	11.016
343.51	31.805	343.3	11.3
343.51	32.848	343.3	11.594
343.52	33.939	343.31	11.899
343.52	35.078	343.31	12.214
343.53	36.27	343.32	12.542
343.53	37.516	343.32	12.881
343.54	38.821	343.33	13.234
343.54	40.187	343.34	13.6
343.55	41.619	343.34	13.98
343.55	43.12	343.35	14.374
343.56	44.694	343.35	14.785
343.56	46.347	343.36	15.211
343.57	48.082	343.36	15.655
343.57	49.906	343.37	16.116
343.58	51.823	343.37	16.597
343.58	53.841	343.38	17.098
343.59	55.965	343.38	17.62
343.59	58.203	343.39	18.164
343.6	60.563	343.4	18.732
343.6	63.052	343.4	19.324
343.61	65.68	343.41	19.942
343.61	68.457	343.41	20.589
343.62	71.394	343.42	21.264
343.62	74.501	343.42	21.971
343.63	77.792	343.43	22.711
343.63	81.28	343.43	23.485
343.64	84.98	343.44	24.297
343.64	88.91	343.44	25.148
343.65	93.085	343.45	26.041
343.65	97.527	343.46	26.979
343.66	102.26	343.46	27.964
343.66	107.3	343.47	29
343.67	112.68	343.47	30.09
343.67	118.42	343.48	31.239
343.68	124.56	343.48	32.449
343.68	131.14	343.49	33.725
343.69	138.18	343.49	35.073
343.69	145.75	343.5	36.498
343.7	153.87	343.5	38.004
343.7	162.6	343.51	39.6
343.71	172.02	343.52	41.291
343.71	182.17	343.52	43.085
343.71	193.13	343.53	44.991
343.72	204.99	343.53	47.018
343.72	217.84	343.54	49.177
343.73	231.79	343.54	51.479
343.73	246.95	343.55	53.937
343.74	263.46	343.55	56.565
343.74	281.47	343.56	59.381
343.75	301.16	343.56	62.401
343.75	322.72	343.57	65.646
343.76	346.38	343.58	69.141
343.76	372.4	343.58	72.912
343.77	401.08	343.59	76.99
343.77	432.77	343.59	81.41
343.78	467.87	343.6	86.213
343.78	506.84	343.6	91.449
343.79	550.24	343.61	97.173
343.79	598.71	343.61	103.45
343.8	652.99	343.62	110.37
343.8	713.99	343.62	118.03
343.81	782.76	343.63	126.54
343.81	860.56	343.64	136.07
343.82	948.92	343.64	146.79
343.82	1049.7	343.65	158.94
343.83	1165	343.65	172.82
343.83	1297.6	343.66	188.74
343.84	1450.9	343.66	207.04
343.84	1628.8	343.67	227.87
343.85	1836.6	343.67	250.92
343.85	2080.5	343.68	275.11
343.86	2368.6	343.68	299.32
343.86	2711.1	343.69	325.02
343.87	3121.1	343.7	357.87
343.87	3615.5	343.7	403.87
343.88	4216.1	343.71	465.42
343.88	4952	343.71	542.09
343.89	5861.3	343.72	631.21
343.89	6995	343.72	724.55
343.9	8421.2	343.73	804.42
343.9	10232	343.73	851.54
343.91	12550	343.74	876.02
343.91	15538	343.74	935.31
343.92	19406	343.75	1087.3
343.92	24405	343.76	1340.2
343.93	30787	343.76	1659.5
343.93	38673	343.77	1976.4
343.94	47717	343.77	2175.5
343.94	56414	343.78	2135.2
343.95	61084	343.78	1894.4
343.95	55571	343.79	1749.2
343.96	34372	343.79	1996.2
343.96	0.94475	343.8	2666.1
343.97	-34370	343.8	3584.4
343.97	-55569	343.81	4466.7
343.98	-61082	343.82	4893.5
343.98	-56413	343.82	4435.7
343.99	-47716	343.83	3199.8
343.99	-38671	343.83	2146
344	-30785	343.84	2234.6
344	-24403	343.84	3552.3
344.01	-19404	343.85	5555.6
344.01	-15536	343.85	7468.5
344.02	-12548	343.86	8271.4
344.02	-10230	343.86	6959.7
344.03	-8419.3	343.87	3744.7
344.03	-6993.1	343.88	756.11
344.04	-5859.4	343.88	122.51
344.04	-4950.1	343.89	2024.3
344.05	-4214.2	343.89	5297
344.05	-3613.5	343.9	8434.2
344.05	-3119.2	343.9	9662.4
344.06	-2709.2	343.91	7308
344.06	-2366.7	343.91	1668.8
344.07	-2078.5	343.92	-3882.2
344.07	-1834.6	343.92	-5954.6
344.08	-1626.9	343.93	-4191.7
344.08	-1448.9	343.94	-144.62
344.09	-1295.7	343.94	4605.4
344.09	-1163	343.95	8653.6
344.1	-1047.7	343.95	10225
344.1	-946.93	343.96	7514
344.11	-858.57	343.96	925.67
344.11	-780.76	343.97	-5592.4
344.12	-711.99	343.97	-8107.7
344.12	-650.98	343.98	-6285.3
344.13	-596.69	343.98	-2138
344.13	-548.22	343.99	2083
344.14	-504.81	344	4246.1
344.14	-465.82	344	2569.1
344.15	-430.71	344.01	-2659.1
344.15	-399.02	344.01	-8052.9
344.16	-370.33	344.02	-10226
344.16	-344.3	344.02	-8864.2
344.17	-320.63	344.03	-5629.3
344.17	-299.06	344.03	-2284.5
344.18	-279.36	344.04	-329.2
344.18	-261.34	344.04	-922.92
344.19	-244.82	344.05	-3881.8
344.19	-229.65	344.06	-7074.7
344.2	-215.69	344.06	-8370.4
344.2	-202.82	344.07	-7556.6
344.21	-190.95	344.07	-5637.1
344.21	-179.97	344.08	-3631.5
344.22	-169.81	344.08	-2315.8
344.22	-160.38	344.09	-2234.1
344.23	-151.63	344.09	-3300.6
344.23	-143.5	344.1	-4555.7
344.24	-135.92	344.1	-5038.8
344.24	-128.86	344.11	-4638.3
344.25	-122.27	344.12	-3766.8
344.25	-116.11	344.12	-2804.7
344.26	-110.35	344.13	-1975.7
344.26	-104.96	344.13	-1437.6
344.27	-99.902	344.14	-1312.7
344.27	-95.155	344.14	-1556.5
344.28	-90.696	344.15	-1872.9
344.28	-86.503	344.15	-1970.1
344.29	-82.556	344.16	-1813.6
344.29	-78.837	344.16	-1528.9
344.3	-75.33	344.17	-1234
344.3	-72.02	344.18	-999.88
344.31	-68.893	344.18	-862.43
344.31	-65.937	344.19	-814.46
344.32	-63.139	344.19	-798.86
344.32	-60.49	344.2	-758.73
344.33	-57.979	344.2	-684.44
344.33	-55.598	344.21	-595.85
344.34	-53.338	344.21	-511.46
344.34	-51.191	344.22	-440.59
344.35	-49.15	344.22	-386.3
344.35	-47.208	344.23	-346.83
344.36	-45.36	344.24	-316.02
344.36	-43.6	344.24	-287.94
344.37	-41.922	344.25	-260.8
344.37	-40.322	344.25	-235.49
344.38	-38.795	344.26	-212.91
344.38	-37.336	344.26	-193.24
344.39	-35.942	344.27	-176.23
344.39	-34.609	344.27	-161.48
344.4	-33.334	344.28	-148.61
344.4	-32.113	344.28	-137.3
344.4	-30.944	344.29	-127.28
344.41	-29.823	344.3	-118.36
344.41	-28.748	344.3	-110.35
344.42	-27.716	344.31	-103.13
344.42	-26.725	344.31	-96.59
344.43	-25.774	344.32	-90.639
344.43	-24.859	344.32	-85.203
344.44	-23.979	344.33	-80.222
344.44	-23.133	344.33	-75.643
344.45	-22.318	344.34	-71.422
344.45	-21.532	344.34	-67.521
344.46	-20.775	344.35	-63.906
344.46	-20.045	344.36	-60.551
344.47	-19.341	344.36	-57.429
344.47	-18.661	344.37	-54.519
344.48	-18.003	344.37	-51.801
344.48	-17.368	344.38	-49.259
344.49	-16.754	344.38	-46.877
344.49	-16.16	344.39	-44.642
344.5	-15.584	344.39	-42.542
344.5	-15.027	344.4	-40.565
344.51	-14.487	344.4	-38.703
344.51	-13.963	344.41	-36.945
344.52	-13.454	344.42	-35.285
344.52	-12.961	344.42	-33.715
344.53	-12.481	344.43	-32.229
344.53	-12.015	344.43	-30.82
344.54	-11.562	344.44	-29.482
344.54	-11.121	344.44	-28.212
344.55	-10.691	344.45	-27.004
344.55	-10.272	344.45	-25.854
344.56	-9.8642	344.46	-24.758
344.56	-9.466	344.46	-23.713
344.57	-9.0773	344.47	-22.716
344.57	-8.6977	344.48	-21.763
344.58	-8.3266	344.48	-20.851
344.58	-7.9636	344.49	-19.978
344.59	-7.6084	344.49	-19.142
344.59	-7.2605	344.5	-18.34
344.6	-6.9195	344.5	-17.57
344.6	-6.5851	344.51	-16.831
344.61	-6.257	344.51	-16.12
344.61	-5.9347	344.52	-15.436
344.62	-5.618	344.52	-14.776
344.62	-5.3065	344.53	-14.141
344.63	-5	344.54	-13.528
344.63	-4.698	344.54	-12.936
344.64	-4.4004	344.55	-12.363
344.64	-4.1069	344.55	-11.809
344.65	-3.8171	344.56	-11.273
344.65	-3.5308	344.56	-10.753
344.66	-3.2478	344.57	-10.249
344.66	-2.9677	344.57	-9.7594
344.67	-2.6904	344.58	-9.2836
344.67	-2.4156	344.58	-8.8206
344.68	-2.143	344.59	-8.3699
344.68	-1.8724	344.6	-7.9306
344.69	-1.6036	344.6	-7.502
344.69	-1.3363	344.61	-7.0835
344.7	-1.0704	344.61	-6.6744
344.7	-0.80553	344.62	-6.2741
344.71	-0.54155	344.62	-5.882
344.71	-0.27821	344.63	-5.4975
344.72	-0.015296	344.63	-5.1202
344.72	0.24741	344.64	-4.7495
344.73	0.51013	344.64	-4.3849
344.73	0.77308	344.65	-4.0259
344.74	1.0365	344.66	-3.672
344.74	1.3006	344.66	-3.3229
344.74	1.5655	344.67	-2.9779
344.75	1.8316	344.67	-2.6368
344.75	2.0991	344.68	-2.2991
344.76	2.3681	344.68	-1.9644
344.76	2.6389	344.69	-1.6322
344.77	2.9118	344.69	-1.3023
344.77	3.1869	344.7	-0.97409
344.78	3.4645	344.7	-0.64733
344.78	3.7449	344.71	-0.32159
344.79	4.0284	344.72	0.0035052
344.79	4.315	344.72	0.32833
344.8	4.6053	344.73	0.65327
344.8	4.8993	344.73	0.97869
344.81	5.1974	344.74	1.305
344.81	5.4998	344.74	1.6325
344.82	5.8069	344.75	1.9617
344.82	6.119	344.75	2.2929
344.83	6.4363	344.76	2.6265
344.83	6.7592	344.76	2.9629
344.84	7.088	344.77	3.3026
344.84	7.4231	344.78	3.6459
344.85	7.7647	344.78	3.9932
344.85	8.1134	344.79	4.3451
344.86	8.4694	344.79	4.7019
344.86	8.8331	344.8	5.0641
344.87	9.2051	344.8	5.4322
344.87	9.5856	344.81	5.8067
344.88	9.9752	344.81	6.188
344.88	10.374	344.82	6.5768
344.89	10.783	344.82	6.9736
344.89	11.203	344.83	7.3789
344.9	11.634	344.84	7.7933
344.9	12.076	344.84	8.2175
344.91	12.53	344.85	8.6522
344.91	12.998	344.85	9.0979
344.92	13.478	344.86	9.5555
344.92	13.973	344.86	10.026
344.93	14.483	344.87	10.509
344.93	15.008	344.87	11.007
344.94	15.549	344.88	11.52
344.94	16.108	344.88	12.049
344.95	16.685	344.89	12.595
344.95	17.28	344.9	13.159
344.96	17.896	344.9	13.742
344.96	18.533	344.91	14.346
344.97	19.191	344.91	14.971
344.97	19.873	344.92	15.619
344.98	20.579	344.92	16.292
344.98	21.31	344.93	16.991
344.99	22.069	344.93	17.717
344.99	22.856	344.94	18.473
345	23.673	344.94	19.26
345	24.521	344.95	20.08
345.01	25.402	344.96	20.936
345.01	26.319	344.96	21.829
345.02	27.272	344.97	22.763
345.02	28.265	344.97	23.74
345.03	29.298	344.98	24.762
345.03	30.375	344.98	25.833
345.04	31.498	344.99	26.957
345.04	32.67	344.99	28.137
345.05	33.892	345	29.378
345.05	35.17	345	30.682
345.06	36.505	345.01	32.057
345.06	37.901	345.02	33.505
345.07	39.362	345.02	35.034
345.07	40.891	345.03	36.65
345.08	42.494	345.03	38.359
345.08	44.174	345.04	40.168
345.08	45.936	345.04	42.088
345.09	47.786	345.05	44.125
345.09	49.73	345.05	46.292
345.1	51.774	345.06	48.598
345.1	53.923	345.06	51.058
345.11	56.186	345.07	53.684
345.11	58.57	345.08	56.493
345.12	61.083	345.08	59.503
345.12	63.735	345.09	62.734
345.13	66.535	345.09	66.208
345.13	69.494	345.1	69.953
345.14	72.624	345.1	73.997
345.14	75.937	345.11	78.376
345.15	79.446	345.11	83.128
345.15	83.168	345.12	88.301
345.16	87.118	345.12	93.949
345.16	91.314	345.13	100.14
345.17	95.777	345.14	106.94
345.17	100.53	345.14	114.45
345.18	105.59	345.15	122.79
345.18	110.98	345.15	132.08
345.19	116.75	345.16	142.51
345.19	122.91	345.16	154.29
345.2	129.5	345.17	167.69
345.2	136.57	345.17	183.05
345.21	144.14	345.18	200.75
345.21	152.28	345.18	221.22
345.22	161.04	345.19	244.72
345.22	170.47	345.2	271.1
345.23	180.63	345.2	299.48
345.23	191.61	345.21	329.01
345.24	203.49	345.21	361.53
345.24	216.36	345.22	403.04
345.25	230.32	345.22	459.75
345.25	245.5	345.23	533.53
345.26	262.02	345.23	621.45
345.26	280.05	345.24	714.34
345.27	299.75	345.24	793.92
345.27	321.32	345.25	840.63
345.28	345	345.26	864.49
345.28	371.03	345.26	922.92
345.29	399.73	345.27	1073.8
345.29	431.43	345.27	1325.3
345.3	466.54	345.28	1642.9
345.3	505.53	345.28	1957.7
345.31	548.94	345.29	2154.3
345.31	597.42	345.29	2111
345.32	651.72	345.3	1866.6
345.32	712.73	345.3	1717
345.33	781.51	345.31	1958.7
345.33	859.32	345.32	2622
345.34	947.69	345.32	3532.1
345.34	1048.4	345.33	4404.2
345.35	1163.8	345.33	4818.2
345.35	1296.4	345.34	4344
345.36	1449.7	345.34	3087.3
345.36	1627.7	345.35	2006.4
345.37	1835.4	345.35	2059.7
345.37	2079.3	345.36	3330.5
345.38	2367.5	345.36	5271.2
345.38	2710	345.37	7099.7
345.39	3120	345.38	7787.9
345.39	3614.3	345.38	6320.1
345.4	4215	345.39	2894.4
345.4	4950.9	345.39	-371.24
345.41	5860.3	345.4	-1344
345.41	6993.9	345.4	214.42
345.42	8420.2	345.41	3337.9
345.42	10231	345.41	6991.3
345.43	12549	345.42	10127
345.43	15537	345.42	11275
345.43	19405	345.43	8899.2
345.44	24404	345.44	3347.9
345.44	30786	345.44	-1987.9
345.45	38672	345.45	-3728.3
345.45	47716	345.45	-1589.4
345.46	56413	345.46	2643.7
345.46	61083	345.46	6840.4
345.47	55570	345.47	8754.3
345.47	34371	345.47	6381.6
345.48	-0.0081279	345.48	69.225
345.48	-34371	345.48	-6239.3
345.49	-55570	345.49	-8600.1
345.49	-61083	345.5	-6665
345.5	-56414	345.5	-2435.5
345.5	-47716	345.51	1845.2
345.51	-38672	345.51	4051.6
345.51	-30786	345.52	2405.4
345.52	-24404	345.52	-2801.5
345.52	-19405	345.53	-8182
345.53	-15537	345.53	-10348
345.53	-12549	345.54	-8987
345.54	-10231	345.54	-5759.3
345.54	-8420.2	345.55	-2429.8
345.55	-6993.9	345.56	-499.66
345.55	-5860.3	345.56	-1131.3
345.56	-4951	345.57	-4144.3
345.56	-4215.1	345.57	-7410.5
345.57	-3614.4	345.58	-8797.3
345.57	-3120	345.58	-8076.3
345.58	-2710	345.59	-6196.1
345.58	-2367.5	345.59	-4045.2
345.59	-2079.4	345.6	-2198
345.59	-1835.4	345.6	-1142
345.6	-1627.7	345.61	-1300.9
345.6	-1449.7	345.62	-2555
345.61	-1296.4	345.62	-3943.7
345.61	-1163.8	345.63	-4515.5
345.62	-1048.5	345.63	-4173.3
345.62	-947.71	345.64	-3354
345.63	-859.34	345.64	-2483.2
345.63	-781.53	345.65	-1849.2
345.64	-712.75	345.65	-1629.8
345.64	-651.74	345.66	-1796.3
345.65	-597.44	345.66	-2053.8
345.65	-548.96	345.67	-2107.4
345.66	-505.55	345.68	-1918.9
345.66	-466.56	345.68	-1610.5
345.67	-431.45	345.69	-1298.1
345.67	-399.75	345.69	-1050.7
345.68	-371.05	345.7	-903.28
345.68	-345.02	345.7	-847.65
345.69	-321.34	345.71	-826.12
345.69	-299.77	345.71	-781.35
345.7	-280.07	345.72	-703.4
345.7	-262.04	345.72	-611.87
345.71	-245.52	345.73	-525.12
345.71	-230.34	345.74	-452.32
345.72	-216.38	345.74	-396.47
345.72	-203.51	345.75	-355.69
345.73	-191.64	345.75	-323.8
345.73	-180.65	345.76	-294.81
345.74	-170.49	345.76	-266.91
345.74	-161.06	345.77	-240.96
345.75	-152.31	345.77	-217.82
345.75	-144.17	345.78	-197.68
345.76	-136.59	345.78	-180.26
345.76	-129.52	345.79	-165.16
345.77	-122.93	345.8	-151.98
345.77	-116.77	345.8	-140.4
345.77	-111.01	345.81	-130.15
345.78	-105.61	345.81	-121.02
345.78	-100.55	345.82	-112.83
345.79	-95.801	345.82	-105.45
345.79	-91.339	345.83	-98.76
345.8	-87.143	345.83	-92.68
345.8	-83.193	345.84	-87.129
345.81	-79.472	345.84	-82.043
345.81	-75.962	345.85	-77.371
345.82	-72.65	345.86	-73.065
345.82	-69.52	345.86	-69.088
345.83	-66.562	345.87	-65.404
345.83	-63.762	345.87	-61.986
345.84	-61.11	345.88	-58.806
345.84	-58.598	345.88	-55.844
345.85	-56.214	345.89	-53.078
345.85	-53.952	345.89	-50.492
345.86	-51.802	345.9	-48.07
345.86	-49.76	345.9	-45.798
345.87	-47.816	345.91	-43.663
345.87	-45.966	345.92	-41.655
345.88	-44.204	345.92	-39.764
345.88	-42.525	345.93	-37.979
345.89	-40.923	345.93	-36.295
345.89	-39.394	345.94	-34.702
345.9	-37.933	345.94	-33.194
345.9	-36.538	345.95	-31.765
345.91	-35.203	345.95	-30.409
345.91	-33.927	345.96	-29.121
345.92	-32.704	345.96	-27.897
345.92	-31.533	345.97	-26.733
345.93	-30.411	345.98	-25.623
345.93	-29.335	345.98	-24.565
345.94	-28.302	345.99	-23.556
345.94	-27.31	345.99	-22.591
345.95	-26.357	346	-21.669
345.95	-25.441	346	-20.787
345.96	-24.56	346.01	-19.942
345.96	-23.713	346.01	-19.132
345.97	-22.897	346.02	-18.354
345.97	-22.11	346.02	-17.607
345.98	-21.353	346.03	-16.89
345.98	-20.622	346.04	-16.199
345.99	-19.916	346.04	-15.534
345.99	-19.236	346.05	-14.894
346	-18.578	346.05	-14.276
346	-17.942	346.06	-13.679
346.01	-17.327	346.06	-13.103
346.01	-16.733	346.07	-12.545
346.02	-16.157	346.07	-12.006
346.02	-15.599	346.08	-11.483
346.03	-15.059	346.08	-10.976
346.03	-14.534	346.09	-10.485
346.04	-14.026	346.1	-10.007
346.04	-13.532	346.1	-9.5424
346.05	-13.052	346.11	-9.0904
346.05	-12.586	346.11	-8.6501
346.06	-12.133	346.12	-8.2208
346.06	-11.692	346.12	-7.8019
346.07	-11.262	346.13	-7.3927
346.07	-10.844	346.13	-6.9926
346.08	-10.436	346.14	-6.601
346.08	-10.038	346.14	-6.2173
346.09	-9.6498	346.15	-5.841
346.09	-9.2706	346.16	-5.4715
346.1	-8.9001	346.16	-5.1085
346.1	-8.5377	346.17	-4.7513
346.11	-8.1831	346.17	-4.3996
346.11	-7.836	346.18	-4.0528
346.12	-7.4959	346.18	-3.7106
346.12	-7.1624	346.19	-3.3724
346.12	-6.8352	346.19	-3.038
346.13	-6.514	346.2	-2.7068
346.13	-6.1984	346.2	-2.3785
346.14	-5.8881	346.21	-2.0527
346.14	-5.5828	346.22	-1.729
346.15	-5.2822	346.22	-1.4071
346.15	-4.9861	346.23	-1.0865
346.16	-4.6941	346.23	-0.76682
346.16	-4.4059	346.24	-0.44781
346.17	-4.1213	346.24	-0.12903
346.17	-3.8401	346.25	0.18986
346.18	-3.5619	346.25	0.50924
346.18	-3.2866	346.26	0.82948
346.19	-3.0138	346.26	1.1509
346.19	-2.7434	346.27	1.474
346.2	-2.4752	346.28	1.7991
346.2	-2.2088	346.28	2.1265
346.21	-1.944	346.29	2.4566
346.21	-1.6807	346.29	2.7899
346.22	-1.4186	346.3	3.1268
346.22	-1.1575	346.3	3.4676
346.23	-0.89713	346.31	3.8128
346.23	-0.63734	346.31	4.1628
346.24	-0.37788	346.32	4.5181
346.24	-0.11855	346.32	4.8792
346.25	0.14088	346.33	5.2464
346.25	0.40062	346.34	5.6204
346.26	0.66088	346.34	6.0016
346.26	0.92189	346.35	6.3906
346.27	1.1839	346.35	6.7879
346.27	1.447	346.36	7.1941
346.28	1.7116	346.36	7.6098
346.28	1.9777	346.37	8.0356
346.29	2.2458	346.37	8.4723
346.29	2.5159	346.38	8.9204
346.3	2.7883	346.38	9.3809
346.3	3.0633	346.39	9.8543
346.31	3.3411	346.4	10.342
346.31	3.622	346.4	10.844
346.32	3.9061	346.41	11.361
346.32	4.1938	346.41	11.895
346.33	4.4854	346.42	12.447
346.33	4.781	346.42	13.018
346.34	5.0811	346.43	13.608
346.34	5.3858	346.43	14.219
346.35	5.6955	346.44	14.853
346.35	6.0104	346.44	15.51
346.36	6.331	346.45	16.193
346.36	6.6575	346.46	16.902
346.37	6.9903	346.46	17.64
346.37	7.3297	346.47	18.408
346.38	7.6761	346.47	19.208
346.38	8.0299	346.48	20.043
346.39	8.3914	346.48	20.914
346.39	8.7611	346.49	21.825
346.4	9.1394	346.49	22.777
346.4	9.5268	346.5	23.773
346.41	9.9237	346.5	24.816
346.41	10.331	346.51	25.911
346.42	10.748	346.52	27.059
346.42	11.176	346.52	28.266
346.43	11.616	346.53	29.535
346.43	12.069	346.53	30.872
346.44	12.534	346.54	32.28
346.44	13.012	346.54	33.765
346.45	13.505	346.55	35.334
346.45	14.012	346.55	36.993
346.46	14.535	346.56	38.75
346.46	15.074	346.56	40.611
346.46	15.631	346.57	42.587
346.47	16.205	346.58	44.686
346.47	16.799	346.58	46.92
346.48	17.412	346.59	49.301
346.48	18.046	346.59	51.842
346.49	18.703	346.6	54.559
346.49	19.382	346.6	57.469
346.5	20.086	346.61	60.59
346.5	20.815	346.61	63.945
346.51	21.571	346.62	67.558
346.51	22.356	346.62	71.459
346.52	23.17	346.63	75.679
346.52	24.016	346.64	80.257
346.53	24.895	346.64	85.238
346.53	25.809	346.65	90.673
346.54	26.76	346.65	96.623
346.54	27.75	346.66	103.16
346.55	28.781	346.66	110.38
346.55	29.856	346.67	118.39
346.56	30.976	346.67	127.32
346.56	32.145	346.68	137.33
346.57	33.365	346.68	148.64
346.57	34.64	346.69	161.51
346.58	35.972	346.7	176.25
346.58	37.366	346.7	193.27
346.59	38.824	346.71	212.94
346.59	40.351	346.71	235.52
346.6	41.95	346.72	260.83
346.6	43.628	346.72	287.96
346.61	45.387	346.73	316.05
346.61	47.235	346.73	346.85
346.62	49.176	346.74	386.33
346.62	51.216	346.74	440.61
346.63	53.363	346.75	511.48
346.63	55.623	346.76	595.87
346.64	58.004	346.76	684.47
346.64	60.514	346.77	758.75
346.65	63.163	346.77	798.88
346.65	65.96	346.78	814.48
346.66	68.916	346.78	862.45
346.66	72.042	346.79	999.9
346.67	75.352	346.79	1234.1
346.67	78.858	346.8	1528.9
346.68	82.577	346.8	1813.7
346.68	86.524	346.81	1970.1
346.69	90.717	346.82	1872.9
346.69	95.175	346.82	1556.5
346.7	99.922	346.83	1312.7
346.7	104.98	346.83	1437.6
346.71	110.37	346.84	1975.8
346.71	116.13	346.84	2804.7
346.72	122.29	346.85	3766.9
346.72	128.88	346.85	4638.3
346.73	135.94	346.86	5038.8
346.73	143.51	346.86	4555.7
346.74	151.65	346.87	3300.6
346.74	160.4	346.88	2234.1
346.75	169.82	346.88	2315.8
346.75	179.99	346.89	3631.5
346.76	190.97	346.89	5637.1
346.76	202.84	346.9	7556.6
346.77	215.7	346.9	8370.4
346.77	229.66	346.91	7074.7
346.78	244.83	346.91	3881.8
346.78	261.36	346.92	922.94
346.79	279.38	346.92	329.22
346.79	299.07	346.93	2284.5
346.8	320.64	346.94	5629.3
346.8	344.31	346.94	8864.2
346.8	370.34	346.95	10226
346.81	399.03	346.95	8052.9
346.81	430.73	346.96	2659.1
346.82	465.84	346.96	-2569.1
346.82	504.82	346.97	-4246.1
346.83	548.23	346.97	-2083
346.83	596.7	346.98	2138
346.84	650.99	346.98	6285.3
346.84	712	346.99	8107.7
346.85	780.77	347	5592.4
346.85	858.58	347	-925.66
346.86	946.95	347.01	-7514
346.86	1047.7	347.01	-10225
346.87	1163	347.02	-8653.6
346.87	1295.7	347.02	-4605.4
346.88	1448.9	347.03	144.63
346.88	1626.9	347.03	4191.7
346.89	1834.6	347.04	5954.6
346.89	2078.6	347.04	3882.2
346.9	2366.7	347.05	-1668.8
346.9	2709.2	347.06	-7308
346.91	3119.2	347.06	-9662.4
346.91	3613.5	347.07	-8434.2
346.92	4214.2	347.07	-5297
346.92	4950.1	347.08	-2024.3
346.93	5859.4	347.08	-122.5
346.93	6993.1	347.09	-756.1
346.94	8419.3	347.09	-3744.7
346.94	10230	347.1	-6959.7
346.95	12548	347.1	-8271.4
346.95	15536	347.11	-7468.5
346.96	19404	347.12	-5555.6
346.96	24403	347.12	-3552.3
346.97	30785	347.13	-2234.6
346.97	38671	347.13	-2146
346.98	47716	347.14	-3199.8
346.98	56413	347.14	-4435.7
346.99	61082	347.15	-4893.5
346.99	55569	347.15	-4466.7
347	34370	347.16	-3584.4
347	-0.93662	347.16	-2666.1
347.01	-34372	347.17	-1996.2
347.01	-55571	347.18	-1749.2
347.02	-61084	347.18	-1894.4
347.02	-56414	347.19	-2135.1
347.03	-47717	347.19	-2175.4
347.03	-38673	347.2	-1976.4
347.04	-30787	347.2	-1659.5
347.04	-24405	347.21	-1340.2
347.05	-19406	347.21	-1087.3
347.05	-15538	347.22	-935.3
347.06	-12550	347.22	-876.01
347.06	-10232	347.23	-851.53
347.07	-8421.2	347.24	-804.42
347.07	-6995	347.24	-724.54
347.08	-5861.3	347.25	-631.21
347.08	-4952	347.25	-542.09
347.09	-4216.1	347.26	-465.41
347.09	-3615.4	347.26	-403.86
347.1	-3121.1	347.27	-357.86
347.1	-2711.1	347.27	-325.02
347.11	-2368.6	347.28	-299.31
347.11	-2080.5	347.28	-275.1
347.12	-1836.6	347.29	-250.91
347.12	-1628.8	347.3	-227.86
347.13	-1450.9	347.3	-207.03
347.13	-1297.6	347.31	-188.73
347.14	-1165	347.31	-172.81
347.14	-1049.6	347.32	-158.94
347.15	-948.91	347.32	-146.79
347.15	-860.56	347.33	-136.06
347.15	-782.75	347.33	-126.54
347.16	-713.99	347.34	-118.02
347.16	-652.99	347.34	-110.37
347.17	-598.7	347.35	-103.45
347.17	-550.24	347.36	-97.168
347.18	-506.84	347.36	-91.444
347.18	-467.86	347.37	-86.209
347.19	-432.76	347.37	-81.405
347.19	-401.07	347.38	-76.985
347.2	-372.39	347.38	-72.908
347.2	-346.37	347.39	-69.137
347.21	-322.71	347.39	-65.642
347.21	-301.16	347.4	-62.396
347.22	-281.47	347.4	-59.376
347.22	-263.46	347.41	-56.561
347.23	-246.95	347.42	-53.933
347.23	-231.79	347.42	-51.475
347.24	-217.84	347.43	-49.173
347.24	-204.99	347.43	-47.014
347.25	-193.13	347.44	-44.987
347.25	-182.16	347.44	-43.081
347.26	-172.01	347.45	-41.287
347.26	-162.6	347.45	-39.596
347.27	-153.86	347.46	-38
347.27	-145.74	347.46	-36.494
347.28	-138.18	347.47	-35.069
347.28	-131.13	347.48	-33.722
347.29	-124.56	347.48	-32.445
347.29	-118.42	347.49	-31.235
347.3	-112.67	347.49	-30.087
347.3	-107.29	347.5	-28.997
347.31	-102.25	347.5	-27.961
347.31	-97.523	347.51	-26.975
347.32	-93.081	347.51	-26.038
347.32	-88.906	347.52	-25.145
347.33	-84.977	347.52	-24.294
347.33	-81.276	347.53	-23.482
347.34	-77.788	347.54	-22.707
347.34	-74.497	347.54	-21.968
347.35	-71.39	347.55	-21.261
347.35	-68.454	347.55	-20.586
347.36	-65.677	347.56	-19.939
347.36	-63.049	347.56	-19.321
347.37	-60.559	347.57	-18.728
347.37	-58.2	347.57	-18.161
347.38	-55.962	347.58	-17.617
347.38	-53.838	347.58	-17.095
347.39	-51.82	347.59	-16.594
347.39	-49.903	347.6	-16.113
347.4	-48.079	347.6	-15.652
347.4	-46.344	347.61	-15.208
347.41	-44.691	347.61	-14.782
347.41	-43.117	347.62	-14.371
347.42	-41.616	347.62	-13.977
347.42	-40.184	347.63	-13.597
347.43	-38.818	347.63	-13.231
347.43	-37.513	347.64	-12.879
347.44	-36.267	347.64	-12.539
347.44	-35.075	347.65	-12.212
347.45	-33.936	347.66	-11.896
347.45	-32.845	347.66	-11.591
347.46	-31.802	347.67	-11.297
347.46	-30.802	347.67	-11.014
347.47	-29.844	347.68	-10.74
347.47	-28.926	347.68	-10.475
347.48	-28.045	347.69	-10.219
347.48	-27.2	347.69	-9.9716
347.49	-26.389	347.7	-9.7324
347.49	-25.61	347.7	-9.5011
347.49	-24.862	347.71	-9.2772
347.5	-24.143	347.72	-9.0606
347.5	-23.451	347.72	-8.8508
347.51	-22.786	347.73	-8.6477
347.51	-22.146	347.73	-8.4509
347.52	-21.53	347.74	-8.2603
347.52	-20.937	347.74	-8.0755
347.53	-20.366	347.75	-7.8963
347.53	-19.815	347.75	-7.7226
347.54	-19.285	347.76	-7.5541
347.54	-18.773	347.76	-7.3906
347.55	-18.28	347.77	-7.2319
347.55	-17.804	347.78	-7.0779
347.56	-17.344	347.78	-6.9284
347.56	-16.901	347.79	-6.7832
347.57	-16.472	347.79	-6.6421
347.57	-16.058	347.8	-6.5051
347.58	-15.658	347.8	-6.3719
347.58	-15.271	347.81	-6.2424
347.59	-14.897	347.81	-6.1166
347.59	-14.536	347.82	-5.9942
347.6	-14.186	347.82	-5.8751
347.6	-13.847	347.83	-5.7593
347.61	-13.52	347.84	-5.6466
347.61	-13.202	347.84	-5.5369
347.62	-12.895	347.85	-5.4301
347.62	-12.597	347.85	-5.3262
347.63	-12.309	347.86	-5.2249
347.63	-12.029	347.86	-5.1263
347.64	-11.758	347.87	-5.0303
347.64	-11.495	347.87	-4.9367
347.65	-11.24	347.88	-4.8455
347.65	-10.993	347.88	-4.7566
347.66	-10.753	347.89	-4.6699
347.66	-10.519	347.9	-4.5854
347.67	-10.293	347.9	-4.503
347.67	-10.074	347.91	-4.4226
347.68	-9.8601	347.91	-4.3441
347.68	-9.6528	347.92	-4.2676
347.69	-9.4514	347.92	-4.1929
347.69	-9.2556	347.93	-4.1201
347.7	-9.0653	347.93	-4.0489
347.7	-8.8803	347.94	-3.9795
347.71	-8.7003	347.94	-3.9116
347.71	-8.5253	347.95	-3.8454
347.72	-8.355	347.96	-3.7807
347.72	-8.1893	347.96	-3.7175
347.73	-8.028	347.97	-3.6557
347.73	-7.8711	347.97	-3.5953
347.74	-7.7182	347.98	-3.5364
347.74	-7.5694	347.98	-3.4787
347.75	-7.4244	347.99	-3.4223
347.75	-7.2832	347.99	-3.3672
347.76	-7.1457	348	-3.3133
347.76	-7.0116	348	-3.2606
347.77	-6.8809	348.01	-3.209
347.77	-6.7535	348.02	-3.1586
347.78	-6.6294	348.02	-3.1092
347.78	-6.5083	348.03	-3.0609
347.79	-6.3902	348.03	-3.0137
347.79	-6.275	348.04	-2.9674
347.8	-6.1626	348.04	-2.9221
347.8	-6.0529	348.05	-2.8778
347.81	-5.9459	348.05	-2.8344
347.81	-5.8414	348.06	-2.7918
347.82	-5.7394	348.06	-2.7502
347.82	-5.6399	348.07	-2.7094
347.83	-5.5426	348.08	-2.6695
347.83	-5.4477	348.08	-2.6303
347.84	-5.3549	348.09	-2.592
347.84	-5.2643	348.09	-2.5544
347.84	-5.1758	348.1	-2.5176
347.85	-5.0893	348.1	-2.4815
347.85	-5.0048	348.11	-2.4461
347.86	-4.9221	348.11	-2.4114
347.86	-4.8413	348.12	-2.3774
347.87	-4.7624	348.12	-2.344
347.87	-4.6851	348.13	-2.3113
347.88	-4.6096	348.14	-2.2792
347.88	-4.5357	348.14	-2.2477
347.89	-4.4634	348.15	-2.2169
347.89	-4.3927	348.15	-2.1866
347.9	-4.3236	348.16	-2.1569
347.9	-4.2559	348.16	-2.1277
347.91	-4.1896	348.17	-2.0991
347.91	-4.1248	348.17	-2.071
347.92	-4.0613	348.18	-2.0434
347.92	-3.9991	348.18	-2.0164
347.93	-3.9382	348.19	-1.9898
347.93	-3.8786	348.2	-1.9637
347.94	-3.8203	348.2	-1.9381
347.94	-3.7631	348.21	-1.9129
347.95	-3.7071	348.21	-1.8882
347.95	-3.6522	348.22	-1.864
347.96	-3.5984	348.22	-1.8401
347.96	-3.5458	348.23	-1.8167
347.97	-3.4941	348.23	-1.7937
347.97	-3.4435	348.24	-1.7711
347.98	-3.3939	348.24	-1.7489
347.98	-3.3453	348.25	-1.7271
347.99	-3.2976	348.26	-1.7056
347.99	-3.2508	348.26	-1.6846
348	-3.205	348.27	-1.6638
348	-3.16	348.27	-1.6435