bcuso4	cuso4	bcucl2	cucl2
285.000	0.0204503	290.000	0.0408518
285.049	0.0206092	290.049	0.0413183
285.098	0.0207698	290.098	0.0417926
285.147	0.0209322	290.147	0.0422750
285.196	0.0210963	290.196	0.0427657
285.244	0.0212622	290.244	0.0432648
285.293	0.0214299	290.293	0.0437725
285.342	0.0215994	290.342	0.0442891
285.391	0.0217708	290.391	0.0448148
285.440	0.0219441	290.440	0.0453497
285.489	0.0221193	290.489	0.0458941
285.538	0.0222965	290.538	0.0464482
285.587	0.0224756	290.587	0.0470123
285.635	0.0226567	290.635	0.0475866
285.684	0.0228399	290.684	0.0481714
285.733	0.0230251	290.733	0.0487669
285.782	0.0232124	290.782	0.0493734
285.831	0.0234018	290.831	0.0499912
285.880	0.0235934	290.880	0.0506205
285.929	0.0237871	290.929	0.0512616
285.978	0.0239831	290.978	0.0519150
286.026	0.0241813	291.026	0.0525808
286.075	0.0243818	291.075	0.0532594
286.124	0.0245846	291.124	0.0539512
286.173	0.0247897	291.173	0.0546564
286.222	0.0249972	291.222	0.0553756
286.271	0.0252072	291.271	0.0561089
286.320	0.0254196	291.320	0.0568569
286.369	0.0256345	291.369	0.0576199
286.417	0.0258519	291.417	0.0583983
286.466	0.0260719	291.466	0.0591926
286.515	0.0262945	291.515	0.0600032
286.564	0.0265198	291.564	0.0608307
286.613	0.0267477	291.613	0.0616753
286.662	0.0269784	291.662	0.0625378
286.711	0.0272119	291.711	0.0634185
286.760	0.0274481	291.760	0.0643180
286.808	0.0276873	291.808	0.0652369
286.857	0.0279293	291.857	0.0661757
286.906	0.0281743	291.906	0.0671351
286.955	0.0284223	291.955	0.0681157
287.004	0.0286733	292.004	0.0691181
287.053	0.0289274	292.053	0.0701430
287.102	0.0291847	292.102	0.0711911
287.151	0.0294452	292.151	0.0722631
287.199	0.0297089	292.199	0.0733598
287.248	0.0299759	292.248	0.0744820
287.297	0.0302462	292.297	0.0756306
287.346	0.0305200	292.346	0.0768062
287.395	0.0307972	292.395	0.0780100
287.444	0.0310780	292.444	0.0792427
287.493	0.0313623	292.493	0.0805055
287.542	0.0316503	292.542	0.0817992
287.590	0.0319419	292.590	0.0831250
287.639	0.0322373	292.639	0.0844839
287.688	0.0325366	292.688	0.0858772
287.737	0.0328397	292.737	0.0873061
287.786	0.0331467	292.786	0.0887717
287.835	0.0334578	292.835	0.0902756
287.884	0.0337730	292.884	0.0918189
287.933	0.0340923	292.933	0.0934033
287.981	0.0344159	292.981	0.0950302
288.030	0.0347437	293.030	0.0967012
288.079	0.0350760	293.079	0.0984181
288.128	0.0354127	293.128	0.100183
288.177	0.0357539	293.177	0.101996
288.226	0.0360997	293.226	0.103862
288.275	0.0364502	293.275	0.105781
288.324	0.0368055	293.324	0.107755
288.372	0.0371656	293.372	0.109787
288.421	0.0375307	293.421	0.111880
288.470	0.0379007	293.470	0.114035
288.519	0.0382760	293.519	0.116256
288.568	0.0386564	293.568	0.118546
288.617	0.0390421	293.617	0.120906
288.666	0.0394333	293.666	0.123341
288.715	0.0398299	293.715	0.125854
288.763	0.0402321	293.763	0.128448
288.812	0.0406401	293.812	0.131127
288.861	0.0410538	293.861	0.133895
288.910	0.0414735	293.910	0.136756
288.959	0.0418992	293.959	0.139714
289.008	0.0423311	294.008	0.142776
289.057	0.0427692	294.057	0.145944
289.106	0.0432136	294.106	0.149225
289.154	0.0436646	294.154	0.152625
289.203	0.0441222	294.203	0.156149
289.252	0.0445865	294.252	0.159804
289.301	0.0450577	294.301	0.163597
289.350	0.0455360	294.350	0.167536
289.399	0.0460213	294.399	0.171628
289.448	0.0465140	294.448	0.175881
289.497	0.0470141	294.497	0.180306
289.545	0.0475217	294.545	0.184912
289.594	0.0480371	294.594	0.189709
289.643	0.0485604	294.643	0.194708
289.692	0.0490916	294.692	0.199923
289.741	0.0496311	294.741	0.205366
289.790	0.0501790	294.790	0.211051
289.839	0.0507354	294.839	0.216995
289.888	0.0513004	294.888	0.223213
289.936	0.0518744	294.936	0.229723
289.985	0.0524574	294.985	0.236546
290.034	0.0530497	295.034	0.243703
290.083	0.0536514	295.083	0.251217
290.132	0.0542628	295.132	0.259114
290.181	0.0548840	295.181	0.267421
290.230	0.0555152	295.230	0.276169
290.279	0.0561568	295.279	0.285392
290.327	0.0568088	295.327	0.295125
290.376	0.0574715	295.376	0.305410
290.425	0.0581451	295.425	0.316291
290.474	0.0588299	295.474	0.327817
290.523	0.0595261	295.523	0.340041
290.572	0.0602340	295.572	0.353026
290.621	0.0609538	295.621	0.366836
290.670	0.0616858	295.670	0.381548
290.718	0.0624303	295.718	0.397243
290.767	0.0631874	295.767	0.414015
290.816	0.0639576	295.816	0.431967
290.865	0.0647411	295.865	0.451217
290.914	0.0655383	295.914	0.471896
290.963	0.0663493	295.963	0.494152
291.012	0.0671746	296.012	0.518152
291.061	0.0680144	296.061	0.544086
291.109	0.0688692	296.109	0.572169
291.158	0.0697392	296.158	0.602647
291.207	0.0706248	296.207	0.635798
291.256	0.0715264	296.256	0.671941
291.305	0.0724444	296.305	0.711440
291.354	0.0733791	296.354	0.754712
291.403	0.0743310	296.403	0.802234
291.452	0.0753004	296.452	0.854552
291.500	0.0762878	296.500	0.912290
291.549	0.0772937	296.549	0.976161
291.598	0.0783184	296.598	1.04697
291.647	0.0793625	296.647	1.12564
291.696	0.0804264	296.696	1.21317
291.745	0.0815106	296.745	1.31069
291.794	0.0826157	296.794	1.41940
291.843	0.0837422	296.843	1.54053
291.891	0.0848905	296.891	1.67529
291.940	0.0860613	296.940	1.82472
291.989	0.0872552	296.989	1.98955
292.038	0.0884727	297.038	2.16987
292.087	0.0897145	297.087	2.36484
292.136	0.0909811	297.136	2.57227
292.185	0.0922734	297.185	2.78821
292.234	0.0935919	297.234	3.00661
292.283	0.0949373	297.283	3.21933
292.331	0.0963104	297.331	3.41639
292.380	0.0977119	297.380	3.58684
292.429	0.0991426	297.429	3.71989
292.478	0.100603	297.478	3.80648
292.527	0.102095	297.527	3.84084
292.576	0.103618	297.576	3.82169
292.625	0.105174	297.625	3.75278
292.674	0.106763	297.674	3.64233
292.722	0.108387	297.722	3.50156
292.771	0.110046	297.771	3.34273
292.820	0.111742	297.820	3.17736
292.869	0.113475	297.869	3.01503
292.918	0.115247	297.918	2.86290
292.967	0.117058	297.967	2.72581
293.016	0.118911	298.016	2.60666
293.065	0.120806	298.065	2.50697
293.113	0.122744	298.113	2.42728
293.162	0.124727	298.162	2.36761
293.211	0.126756	298.211	2.32772
293.260	0.128832	298.260	2.30733
293.309	0.130958	298.309	2.30622
293.358	0.133134	298.358	2.32433
293.407	0.135363	298.407	2.36179
293.456	0.137645	298.456	2.41889
293.504	0.139982	298.504	2.49606
293.553	0.142378	298.553	2.59372
293.602	0.144832	298.602	2.71217
293.651	0.147347	298.651	2.85127
293.700	0.149926	298.700	3.01010
293.749	0.152570	298.749	3.18650
293.798	0.155281	298.798	3.37645
293.847	0.158062	298.847	3.57357
293.895	0.160916	298.895	3.76875
293.944	0.163843	298.944	3.95027
293.993	0.166849	298.993	4.10471
294.042	0.169934	299.042	4.21876
294.091	0.173102	299.091	4.28166
294.140	0.176355	299.140	4.28756
294.189	0.179698	299.189	4.23694
294.238	0.183133	299.238	4.13650
294.286	0.186663	299.286	3.99746
294.335	0.190292	299.335	3.83319
294.384	0.194023	299.384	3.65680
294.433	0.197862	299.433	3.47951
294.482	0.201811	299.482	3.30992
294.531	0.205874	299.531	3.15394
294.580	0.210057	299.580	3.01522
294.629	0.214365	299.629	2.89568
294.677	0.218801	299.677	2.79608
294.726	0.223371	299.726	2.71647
294.775	0.228080	299.775	2.65653
294.824	0.232935	299.824	2.61579
294.873	0.237941	299.873	2.59384
294.922	0.243104	299.922	2.59037
294.971	0.248432	299.971	2.60529
295.020	0.253930	300.020	2.63868
295.068	0.259607	300.068	2.69085
295.117	0.265470	300.117	2.76221
295.166	0.271528	300.166	2.85324
295.215	0.277788	300.215	2.96433
295.264	0.284260	300.264	3.09556
295.313	0.290955	300.313	3.24633
295.362	0.297880	300.362	3.41496
295.411	0.305049	300.411	3.59813
295.459	0.312471	300.459	3.79032
295.508	0.320160	300.508	3.98338
295.557	0.328127	300.557	4.16648
295.606	0.336387	300.606	4.32673
295.655	0.344954	300.655	4.45077
295.704	0.353843	300.704	4.52704
295.753	0.363070	300.753	4.54823
295.802	0.372653	300.802	4.51313
295.850	0.382610	300.850	4.42686
295.899	0.392960	300.899	4.29959
295.948	0.403726	300.948	4.14421
295.997	0.414928	300.997	3.97387
296.046	0.426591	301.046	3.80015
296.095	0.438740	301.095	3.63211
296.144	0.451403	301.144	3.47615
296.193	0.464608	301.193	3.33627
296.241	0.478387	301.241	3.21467
296.290	0.492774	301.290	3.11230
296.339	0.507805	301.339	3.02930
296.388	0.523517	301.388	2.96539
296.437	0.539953	301.437	2.92010
296.486	0.557158	301.486	2.89295
296.535	0.575180	301.535	2.88358
296.584	0.594072	301.584	2.89176
296.632	0.613889	301.632	2.91749
296.681	0.634692	301.681	2.96096
296.730	0.656549	301.730	3.02248
296.779	0.679529	301.779	3.10245
296.828	0.703712	301.828	3.20121
296.877	0.729182	301.877	3.31881
296.926	0.756030	301.926	3.45480
296.975	0.784357	301.975	3.60783
297.023	0.814273	302.023	3.77520
297.072	0.845897	302.072	3.95239
297.121	0.879360	302.121	4.13269
297.170	0.914805	302.170	4.30709
297.219	0.952392	302.219	4.46483
297.268	0.992292	302.268	4.59444
297.317	1.03470	302.317	4.68553
297.366	1.07982	302.366	4.73054
297.414	1.12788	302.414	4.72610
297.463	1.17916	302.463	4.67353
297.512	1.23393	302.512	4.57835
297.561	1.29250	302.561	4.44907
297.610	1.35524	302.610	4.29577
297.659	1.42254	302.659	4.12861
297.708	1.49483	302.708	3.95676
297.757	1.57262	302.757	3.78768
297.805	1.65646	302.805	3.62681
297.854	1.74697	302.854	3.47771
297.903	1.84484	302.903	3.34233
297.952	1.95089	302.952	3.22140
298.001	2.06600	303.001	3.11480
298.050	2.19119	303.050	3.02188
298.099	2.32761	303.099	2.94173
298.148	2.47660	303.148	2.87331
298.196	2.63965	303.196	2.81556
298.245	2.81848	303.245	2.76749
298.294	3.01507	303.294	2.72813
298.343	3.23168	303.343	2.69663
298.392	3.47090	303.392	2.67220
298.441	3.73574	303.441	2.65416
298.490	4.02962	303.490	2.64194
298.539	4.35652	303.539	2.63506
298.587	4.72098	303.587	2.63310
298.636	5.12822	303.636	2.63571
298.685	5.58420	303.685	2.64259
298.734	6.09568	303.734	2.65346
298.783	6.67028	303.783	2.66809
298.832	7.31641	303.832	2.68631
298.881	8.04320	303.881	2.70798
298.930	8.86022	303.930	2.73299
298.978	9.77692	303.978	2.76128
299.027	10.8018	304.027	2.79279
299.076	11.9409	304.076	2.82748
299.125	13.1956	304.125	2.86528
299.174	14.5595	304.174	2.90617
299.223	16.0145	304.223	2.95010
299.272	17.5256	304.272	2.99707
299.321	19.0364	304.321	3.04704
299.370	20.4656	304.370	3.09997
299.418	21.7071	304.418	3.15580
299.467	22.6358	304.467	3.21439
299.516	23.1203	304.516	3.27556
299.565	23.0421	304.565	3.33905
299.614	22.3170	304.614	3.40444
299.663	20.9176	304.663	3.47119
299.712	18.8893	304.712	3.53849
299.761	16.3551	304.761	3.60528
299.809	13.5027	304.809	3.67006
299.858	10.5531	304.858	3.73088
299.907	7.72032	304.907	3.78515
299.956	5.17532	304.956	3.82953
300.005	3.02733	305.005	3.85981
300.054	1.32332	305.054	3.87085
300.103	0.0607803	305.103	3.85660
300.152	-0.794642	305.152	3.81035
300.200	-1.29283	305.200	3.72526
300.249	-1.48717	305.249	3.59531
300.298	-1.42713	305.298	3.41645
300.347	-1.15453	305.347	3.18811
300.396	-0.702249	305.396	2.91437
300.445	-0.0944863	305.445	2.60470
300.494	0.652338	305.494	2.27362
300.543	1.52829	305.543	1.93925
300.591	2.52850	305.591	1.62077
300.640	3.65154	305.640	1.33561
300.689	4.89754	305.689	1.09682
300.738	6.26584	305.738	0.911778
300.787	7.75179	305.787	0.782172
300.836	9.34263	305.836	0.705089
300.885	11.0121	305.885	0.674603
300.934	12.7137	305.934	0.683288
300.982	14.3746	305.982	0.723366
301.031	15.8899	306.031	0.787403
301.080	17.1237	306.080	0.868600
301.129	17.9185	306.129	0.960815
301.178	18.1191	306.178	1.05841
301.227	17.6069	306.227	1.15600
301.276	16.3393	306.276	1.24818
301.325	14.3754	306.325	1.32925
301.373	11.8764	306.373	1.39301
301.422	9.07481	306.422	1.43262
301.471	6.22327	306.471	1.44072
301.520	3.54446	306.520	1.40980
301.569	1.19808	306.569	1.33308
301.618	-0.728368	306.618	1.20578
301.667	-2.21030	306.667	1.02682
301.716	-3.26746	306.716	0.800462
301.764	-3.94467	306.764	0.537181
301.813	-4.29632	306.813	0.253190
301.862	-4.37616	306.862	-0.0317335
301.911	-4.23170	306.911	-0.297582
301.960	-3.90189	306.960	-0.527534
302.009	-3.41678	307.009	-0.710301
302.058	-2.79810	307.058	-0.840844
302.107	-2.06034	307.107	-0.919617
302.155	-1.21198	307.155	-0.951010
302.204	-0.256737	307.204	-0.941645
302.253	0.805046	307.253	-0.898972
302.302	1.97499	307.302	-0.830336
302.351	3.25487	307.351	-0.742482
302.400	4.64416	307.400	-0.641396
302.449	6.13668	307.449	-0.532363
302.498	7.71612	307.498	-0.420155
302.546	9.35036	307.546	-0.309286
302.595	10.9850	307.595	-0.204296
302.644	12.5376	307.644	-0.110023
302.693	13.8941	307.693	-0.0318408
302.742	14.9133	307.742	0.0242015
302.791	15.4416	307.791	0.0514040
302.840	15.3418	307.840	0.0427097
302.889	14.5300	307.889	-0.00861906
302.937	13.0100	307.937	-0.107860
302.986	10.8885	307.986	-0.257284
303.035	8.35922	308.035	-0.454504
303.084	5.66090	308.084	-0.691301
303.133	3.02583	308.133	-0.953637
303.182	0.638249	308.182	-1.22328
303.231	-1.38529	308.231	-1.48078
303.280	-2.99435	308.280	-1.70892
303.328	-4.18974	308.328	-1.89533
303.377	-5.00466	308.377	-2.03362
303.426	-5.48782	308.426	-2.12297
303.475	-5.69148	308.475	-2.16673
303.524	-5.66416	308.524	-2.17076
303.573	-5.44713	308.573	-2.14198
303.622	-5.07330	308.622	-2.08736
303.671	-4.56737	308.671	-2.01338
303.719	-3.94672	308.719	-1.92581
303.768	-3.22250	308.768	-1.82974
303.817	-2.40078	308.817	-1.72975
303.866	-1.48378	308.866	-1.63012
303.915	-0.471126	308.915	-1.53505
303.964	0.638508	308.964	-1.44890
304.013	1.84543	309.013	-1.37644
304.062	3.14629	309.062	-1.32297
304.110	4.53068	309.110	-1.29437
304.159	5.97682	309.159	-1.29691
304.208	7.44645	309.208	-1.33682
304.257	8.87984	309.257	-1.41946
304.306	10.1925	309.306	-1.54816
304.355	11.2761	309.355	-1.72283
304.404	12.0077	309.404	-1.93886
304.453	12.2679	309.453	-2.18677
304.501	11.9660	309.501	-2.45290
304.550	11.0653	309.550	-2.72130
304.599	9.59816	309.599	-2.97615
304.648	7.66347	309.648	-3.20403
304.697	5.40904	309.697	-3.39551
304.746	3.00492	309.746	-3.54570
304.795	0.616815	309.795	-3.65396
304.844	-1.61538	309.844	-3.72287
304.892	-3.59105	309.892	-3.75714
304.941	-5.25343	309.941	-3.76243
304.990	-6.58600	309.990	-3.74449
305.039	-7.60314	310.039	-3.70868
305.088	-8.33882	310.088	-3.65962
305.137	-8.83621	310.137	-3.60114
305.186	-9.13994	310.186	-3.53628
305.235	-9.29131	310.235	-3.46743
305.283	-9.32600	310.283	-3.39638
305.332	-9.27349	310.332	-3.32445
305.381	-9.15754	310.381	-3.25263
305.430	-8.99689	310.430	-3.18160
305.479	-8.80604	310.479	-3.11184
305.528	-8.59593	310.528	-3.04369
305.577	-8.37451	310.577	-2.97738
305.626	-8.14744	310.626	-2.91305
305.674	-7.91883	310.674	-2.85078
305.723	-7.69172	310.723	-2.79063
305.772	-7.46849	310.772	-2.73259
305.821	-7.25087	310.821	-2.67665
305.870	-7.03998	310.870	-2.62274
305.919	-6.83636	310.919	-2.57080
305.968	-6.64013	310.968	-2.52074
306.017	-6.45123	311.017	-2.47247
306.065	-6.26963	311.065	-2.42591
306.114	-6.09541	311.114	-2.38097
306.163	-5.92864	311.163	-2.33757
306.212	-5.76921	311.212	-2.29566
306.261	-5.61674	311.261	-2.25517
306.310	-5.47070	311.310	-2.21604
306.359	-5.33056	311.359	-2.17824
306.408	-5.19600	311.408	-2.14172
306.457	-5.06691	311.457	-2.10641
306.505	-4.94324	311.505	-2.07227
306.554	-4.82482	311.554	-2.03922
306.603	-4.71136	311.603	-2.00718
306.652	-4.60250	311.652	-1.97610
306.701	-4.49788	311.701	-1.94593
306.750	-4.39725	311.750	-1.91664
306.799	-4.30042	311.799	-1.88818
306.848	-4.20728	311.848	-1.86053
306.896	-4.11768	311.896	-1.83364
306.945	-4.03150	311.945	-1.80750
306.994	-3.94857	311.994	-1.78209
307.043	-3.86868	312.043	-1.75739
307.092	-3.79162	312.092	-1.73338
307.141	-3.71720	312.141	-1.71005
307.190	-3.64525	312.190	-1.68735
307.239	-3.57571	312.239	-1.66523
307.287	-3.50853	312.287	-1.64365
307.336	-3.44367	312.336	-1.62257
307.385	-3.38102	312.385	-1.60199
307.434	-3.32042	312.434	-1.58189
307.483	-3.26169	312.483	-1.56228
307.532	-3.20470	312.532	-1.54314
307.581	-3.14937	312.581	-1.52447
307.630	-3.09572	312.630	-1.50625
307.678	-3.04376	312.678	-1.48845
307.727	-2.99344	312.727	-1.47107
307.776	-2.94468	312.776	-1.45409
307.825	-2.89733	312.825	-1.43750
307.874	-2.85127	312.874	-1.42129
307.923	-2.80646	312.923	-1.40542
307.972	-2.76287	312.972	-1.38988
308.021	-2.72051	313.021	-1.37463
308.069	-2.67935	313.069	-1.35967
308.118	-2.63933	313.118	-1.34498
308.167	-2.60036	313.167	-1.33059
308.216	-2.56235	313.216	-1.31649
308.265	-2.52528	313.265	-1.30270
308.314	-2.48916	313.314	-1.28922
308.363	-2.45402	313.363	-1.27603
308.412	-2.41983	313.412	-1.26310
308.460	-2.38652	313.460	-1.25042
308.509	-2.35399	313.509	-1.23797
308.558	-2.32215	313.558	-1.22574
308.607	-2.29096	313.607	-1.21372
308.656	-2.26045	313.656	-1.20191
308.705	-2.23071	313.705	-1.19031
308.754	-2.20178	313.754	-1.17892
308.803	-2.17364	313.803	-1.16774
308.851	-2.14620	313.851	-1.15677
308.900	-2.11934	313.900	-1.14600
308.949	-2.09296	313.949	-1.13542
308.998	-2.06701	313.998	-1.12505
309.047	-2.04156	314.047	-1.11487
309.096	-2.01670	314.096	-1.10489
309.145	-1.99251	314.145	-1.09509
309.194	-1.96902	314.194	-1.08546
309.242	-1.94615	314.242	-1.07597
309.291	-1.92377	314.291	-1.06662
309.340	-1.90176	314.340	-1.05741
309.389	-1.88003	314.389	-1.04832
309.438	-1.85860	314.438	-1.03936
309.487	-1.83756	314.487	-1.03056
309.536	-1.81702	314.536	-1.02191
309.585	-1.79705	314.585	-1.01342
309.633	-1.77763	314.633	-1.00509
309.682	-1.75867	314.682	-0.996890
309.731	-1.74005	314.731	-0.988819
309.780	-1.72164	314.780	-0.980860
309.829	-1.70339	314.829	-0.973007
309.878	-1.68534	314.878	-0.965258
309.927	-1.66757	314.927	-0.957616
309.976	-1.65020	314.976	-0.950083
310.024	-1.63329	315.024	-0.942662
310.073	-1.61687	315.073	-0.935350
310.122	-1.60085	315.122	-0.928142
310.171	-1.58515	315.171	-0.921036
310.220	-1.56965	315.220	-0.914026
310.269	-1.55427	315.269	-0.907115
310.318	-1.53902	315.318	-0.900304
310.367	-1.52394	315.367	-0.893597
310.415	-1.50912	315.415	-0.886996
310.464	-1.49465	315.464	-0.880500
310.513	-1.48058	315.513	-0.874105
310.562	-1.46691	315.562	-0.867802
310.611	-1.45357	315.611	-0.861585
310.660	-1.44046	315.660	-0.855444
310.709	-1.42745	315.709	-0.849375
310.758	-1.41448	315.758	-0.843379
310.806	-1.40155	315.806	-0.837457
310.855	-1.38874	315.855	-0.831613
310.904	-1.37617	315.904	-0.825851
310.953	-1.36396	315.953	-0.820173
311.002	-1.35216	316.002	-0.814583
311.051	-1.34074	316.051	-0.809079
311.100	-1.32959	316.100	-0.803662
311.149	-1.31854	316.149	-0.798329
311.197	-1.30745	316.197	-0.793077
311.246	-1.29627	316.246	-0.787896
311.295	-1.28507	316.295	-0.782780
311.344	-1.27401	316.344	-0.777719
311.393	-1.26328	316.393	-0.772706
311.442	-1.25299	316.442	-0.767738
311.491	-1.24316	316.491	-0.762817
311.540	-1.23365	316.540	-0.757949
311.588	-1.22426	316.588	-0.753146
311.637	-1.21480	316.637	-0.748418
311.686	-1.20514	316.686	-0.743771
311.735	-1.19535	316.735	-0.739209
311.784	-1.18558	316.784	-0.734727
311.833	-1.17606	316.833	-0.730315
311.882	-1.16695	316.882	-0.725960
311.931	-1.15832	316.931	-0.721647
311.979	-1.15007	316.979	-0.717365
312.028	-1.14202	317.028	-0.713107
312.077	-1.13393	317.077	-0.708874
312.126	-1.12565	317.126	-0.704674
312.175	-1.11718	317.175	-0.700523
312.224	-1.10862	317.224	-0.696437
312.273	-1.10017	317.273	-0.692429
312.322	-1.09202	317.322	-0.688502
312.370	-1.08428	317.370	-0.684651
312.419	-1.07697	317.419	-0.680863
312.468	-1.06995	317.468	-0.677119
312.517	-1.06305	317.517	-0.673403
312.566	-1.05607	317.566	-0.669706
312.615	-1.04890	317.615	-0.666029
312.664	-1.04153	317.664	-0.662382
312.713	-1.03407	317.713	-0.658778
312.761	-1.02670	317.761	-0.655232
312.810	-1.01961	317.810	-0.651750
312.859	-1.01294	317.859	-0.648331
312.908	-1.00673	317.908	-0.644971
312.957	-1.00086	317.957	-0.641657
313.006	-0.995127	318.006	-0.638380
313.055	-0.989284	318.055	-0.635135
313.104	-0.983156	318.104	-0.631921
313.152	-0.976716	318.152	-0.628741
313.201	-0.970098	318.201	-0.625602
313.250	-0.963557	318.250	-0.622509
313.299	-0.957370	318.299	-0.619467
313.348	-0.951715	318.348	-0.616476
313.397	-0.946595	318.397	-0.613536
313.446	-0.941824	318.446	-0.610642
313.495	-0.937094	318.495	-0.607790
313.543	-0.932109	318.543	-0.604973
313.592	-0.926721	318.592	-0.602187
313.641	-0.920989	318.641	-0.599428
313.690	-0.915158	318.690	-0.596701
313.739	-0.909546	318.739	-0.594012
313.788	-0.904412	318.788	-0.591369
313.837	-0.899850	318.837	-0.588776
313.886	-0.895758	318.886	-0.586233
313.935	-0.891886	318.935	-0.583733
313.983	-0.887940	318.983	-0.581270
314.032	-0.883699	319.032	-0.578837
314.081	-0.879104	319.081	-0.576436
314.130	-0.874269	319.130	-0.574074
314.179	-0.869432	319.179	-0.571763
314.228	-0.864852	319.228	-0.569511
314.277	-0.860720	319.277	-0.567315
314.326	-0.857088	319.326	-0.565162
314.374	-0.853862	319.374	-0.563033
314.423	-0.850834	319.423	-0.560910
314.472	-0.847759	319.472	-0.558791
314.521	-0.844445	319.521	-0.556688
314.570	-0.840837	319.570	-0.554629
314.619	-0.837034	319.619	-0.552649
314.668	-0.833254	319.668	-0.550769
314.717	-0.829743	319.717	-0.548995
314.765	-0.826670	319.765	-0.547310
314.814	-0.824067	319.814	-0.545685
314.863	-0.821828	319.863	-0.544085
314.912	-0.819757	319.912	-0.542484
314.961	-0.817658	319.961	-0.540873
315.010	-0.815409	320.010	-0.539262
315.059	-0.813003	320.059	-0.537679
315.108	-0.810543	320.108	-0.536156
315.156	-0.808191	320.156	-0.534727
315.205	-0.806106	320.205	-0.533412
315.254	-0.804389	320.254	-0.532214
315.303	-0.803064	320.303	-0.531119
315.352	-0.802082	320.352	-0.530102
315.401	-0.801345	320.401	-0.529135
315.450	-0.800743	320.450	-0.528200
315.499	-0.800187	320.499	-0.527295
315.547	-0.799641	320.547	-0.526431
315.596	-0.799139	320.596	-0.525625
315.645	-0.798774	320.645	-0.524892
315.694	-0.798671	320.694	-0.524240
315.743	-0.798947	320.743	-0.523671
315.792	-0.799673	320.792	-0.523191
315.841	-0.800867	320.841	-0.522813
315.890	-0.802492	320.890	-0.522555
315.938	-0.804483	320.938	-0.522432
315.987	-0.806770	320.987	-0.522449
316.036	-0.809306	321.036	-0.522590
316.085	-0.812099	321.085	-0.522832
316.134	-0.815222	321.134	-0.523154
316.183	-0.818807	321.183	-0.523551
316.232	-0.823011	321.232	-0.524040
316.281	-0.827971	321.281	-0.524657
316.329	-0.833766	321.329	-0.525440
316.378	-0.840408	321.378	-0.526420
316.427	-0.847866	321.427	-0.527608
316.476	-0.856112	321.476	-0.529007
316.525	-0.865157	321.525	-0.530610
316.574	-0.875091	321.574	-0.532418
316.623	-0.886080	321.623	-0.534440
316.672	-0.898355	321.672	-0.536694
316.720	-0.912167	321.720	-0.539208
316.769	-0.927752	321.769	-0.542008
316.818	-0.945302	321.818	-0.545123
316.867	-0.964976	321.867	-0.548579
316.916	-0.986943	321.916	-0.552406
316.965	-1.01142	321.965	-0.556637
317.014	-1.03872	322.014	-0.561309
317.063	-1.06925	322.063	-0.566464
317.111	-1.10348	322.111	-0.572147
317.160	-1.14195	322.160	-0.578410
317.209	-1.18524	322.209	-0.585315
317.258	-1.23392	322.258	-0.592937
317.307	-1.28861	322.307	-0.601360
317.356	-1.34992	322.356	-0.610678
317.405	-1.41846	322.405	-0.620983
317.454	-1.49480	322.454	-0.632375
317.502	-1.57932	322.502	-0.644965
317.551	-1.67215	322.551	-0.658889
317.600	-1.77292	322.600	-0.674314
317.649	-1.88063	322.649	-0.691435
317.698	-1.99359	322.698	-0.710478
317.747	-2.10936	322.747	-0.731694
317.796	-2.22499	322.796	-0.755366
317.845	-2.33731	322.845	-0.781813
317.893	-2.44330	322.893	-0.811390
317.942	-2.54038	322.942	-0.844494
317.991	-2.62631	322.991	-0.881558
318.040	-2.69877	323.040	-0.923052
318.089	-2.75485	323.089	-0.969477
318.138	-2.79075	323.138	-1.02135
318.187	-2.80218	323.187	-1.07918
318.236	-2.78532	323.236	-1.14341
318.284	-2.73814	323.284	-1.21432
318.333	-2.66141	323.333	-1.29197
318.382	-2.55895	323.382	-1.37600
318.431	-2.43694	323.431	-1.46555
318.480	-2.30264	323.480	-1.55917
318.529	-2.16315	323.529	-1.65480
318.578	-2.02443	323.578	-1.75000
318.627	-1.89087	323.627	-1.84216
318.675	-1.76534	323.675	-1.92891
318.724	-1.64938	323.724	-2.00824
318.773	-1.54362	323.773	-2.07846
318.822	-1.44805	323.822	-2.13785
318.871	-1.36230	323.871	-2.18412
318.920	-1.28578	323.920	-2.21426
318.969	-1.21774	323.969	-2.22477
319.018	-1.15739	324.018	-2.21250
319.066	-1.10388	324.066	-2.17566
319.115	-1.05638	324.115	-2.11471
319.164	-1.01414	324.164	-2.03257
319.213	-0.976513	324.213	-1.93414
319.262	-0.942958	324.262	-1.82524
319.311	-0.913074	324.311	-1.71167
319.360	-0.886551	324.360	-1.59836
319.409	-0.863132	324.409	-1.48905
319.457	-0.842574	324.457	-1.38621
319.506	-0.824622	324.506	-1.29127
319.555	-0.809005	324.555	-1.20480
319.604	-0.795457	324.604	-1.12679
319.653	-0.783749	324.653	-1.05686
319.702	-0.773714	324.702	-0.994427
319.751	-0.765265	324.751	-0.938825
319.800	-0.758381	324.800	-0.889364
319.848	-0.753080	324.848	-0.845390
319.897	-0.749385	324.897	-0.806312
319.946	-0.747299	324.946	-0.771599
319.995	-0.746796	324.995	-0.740786
320.044	-0.747841	325.044	-0.713457
320.093	-0.750407	325.093	-0.689242
320.142	-0.754502	325.142	-0.667803
320.191	-0.760180	325.191	-0.648842
320.239	-0.767545	325.239	-0.632098
320.288	-0.776744	325.288	-0.617349
320.337	-0.787952	325.337	-0.604413
320.386	-0.801363	325.386	-0.593138
320.435	-0.817181	325.435	-0.583397
320.484	-0.835632	325.484	-0.575082
320.533	-0.856969	325.533	-0.568110
320.582	-0.881491	325.582	-0.562419
320.630	-0.909548	325.630	-0.557974
320.679	-0.941552	325.679	-0.554755
320.728	-0.977983	325.728	-0.552749
320.777	-1.01940	325.777	-0.551943
320.826	-1.06646	325.826	-0.552320
320.875	-1.11989	325.875	-0.553874
320.924	-1.18050	325.924	-0.556611
320.973	-1.24915	325.973	-0.560568
321.022	-1.32668	326.022	-0.565807
321.070	-1.41386	326.070	-0.572418
321.119	-1.51127	326.119	-0.580511
321.168	-1.61917	326.168	-0.590214
321.217	-1.73729	326.217	-0.601668
321.266	-1.86455	326.266	-0.615033
321.315	-1.99875	326.315	-0.630487
321.364	-2.13625	326.364	-0.648235
321.413	-2.27167	326.413	-0.668519
321.461	-2.39798	326.461	-0.691631
321.510	-2.50690	326.510	-0.717916
321.559	-2.58980	326.559	-0.747781
321.608	-2.63904	326.608	-0.781685
321.657	-2.64943	326.657	-0.820140
321.706	-2.61940	326.706	-0.863705
321.755	-2.55138	326.755	-0.912984
321.804	-2.45139	326.804	-0.968621
321.852	-2.32769	326.852	-1.03128
321.901	-2.18927	326.901	-1.10163
321.950	-2.04443	326.950	-1.18021
321.999	-1.89995	326.999	-1.26739
322.048	-1.76073	327.048	-1.36313
322.097	-1.62993	327.097	-1.46680
322.146	-1.50928	327.146	-1.57687
322.195	-1.39943	327.195	-1.69067
322.243	-1.30036	327.243	-1.80416
322.292	-1.21160	327.292	-1.91190
322.341	-1.13242	327.341	-2.00732
322.390	-1.06202	327.390	-2.08337
322.439	-0.999511	327.439	-2.13346
322.488	-0.944053	327.488	-2.15270
322.537	-0.894832	327.537	-2.13885
322.586	-0.851102	327.586	-2.09290
322.634	-0.812209	327.634	-2.01887
322.683	-0.777596	327.683	-1.92302
322.732	-0.746803	327.732	-1.81257
322.781	-0.719450	327.781	-1.69458
322.830	-0.695211	327.830	-1.57508
322.879	-0.673788	327.879	-1.45863
322.928	-0.654901	327.928	-1.34835
322.977	-0.638286	327.977	-1.24605
323.025	-0.623710	328.025	-1.15257
323.074	-0.610978	328.074	-1.06807
323.123	-0.599944	328.123	-0.992232
323.172	-0.590513	328.172	-0.924502
323.221	-0.582623	328.221	-0.864193
323.270	-0.576237	328.270	-0.810583
323.319	-0.571319	328.319	-0.762970
323.368	-0.567827	328.368	-0.720696
323.416	-0.565714	328.416	-0.683161
323.465	-0.564937	328.465	-0.649820
323.514	-0.565473	328.514	-0.620181
323.563	-0.567331	328.563	-0.593811
323.612	-0.570565	328.612	-0.570341
323.661	-0.575259	328.661	-0.549463
323.710	-0.581517	328.710	-0.530929
323.759	-0.589450	328.759	-0.514528
323.807	-0.599165	328.807	-0.500076
323.856	-0.610774	328.856	-0.487394
323.905	-0.624407	328.905	-0.476312
323.954	-0.640230	328.954	-0.466678
324.003	-0.658462	329.003	-0.458366
324.052	-0.679383	329.052	-0.451283
324.101	-0.703331	329.101	-0.445370
324.150	-0.730696	329.150	-0.440594
324.198	-0.761904	329.198	-0.436933
324.247	-0.797428	329.247	-0.434372
324.296	-0.837788	329.296	-0.432899
324.345	-0.883573	329.345	-0.432503
324.394	-0.935449	329.394	-0.433180
324.443	-0.994165	329.443	-0.434930
324.492	-1.06052	329.492	-0.437767
324.541	-1.13533	329.541	-0.441724
324.589	-1.21933	329.589	-0.446855
324.638	-1.31305	329.638	-0.453243
324.687	-1.41668	329.687	-0.460991
324.736	-1.52984	329.736	-0.470224
324.785	-1.65128	329.785	-0.481083
324.834	-1.77855	329.834	-0.493718
324.883	-1.90770	329.883	-0.508295
324.932	-2.03309	329.932	-0.525003
324.980	-2.14752	329.980	-0.544066
325.029	-2.24282	330.029	-0.565751
325.078	-2.31097	330.078	-0.590375
325.127	-2.34554	330.127	-0.618309
325.176	-2.34298	330.176	-0.649977
325.225	-2.30340	330.225	-0.685857
325.274	-2.23049	330.274	-0.726482
325.323	-2.13069	330.323	-0.772433
325.371	-2.01187	330.371	-0.824333
325.420	-1.88203	330.420	-0.882824
325.469	-1.74827	330.469	-0.948529
325.518	-1.61622	330.518	-1.02199
325.567	-1.48990	330.567	-1.10354
325.616	-1.37181	330.616	-1.19320
325.665	-1.26330	330.665	-1.29040
325.714	-1.16481	330.714	-1.39379
325.762	-1.07618	330.762	-1.50088
325.811	-0.996878	330.811	-1.60789
325.860	-0.926190	330.860	-1.70959
325.909	-0.863313	330.909	-1.79962
325.958	-0.807450	330.958	-1.87110
326.007	-0.757851	331.007	-1.91774
326.056	-0.713828	331.056	-1.93499
326.105	-0.674754	331.105	-1.92104
326.153	-0.640067	331.153	-1.87718
326.202	-0.609265	331.202	-1.80749
326.251	-0.581911	331.251	-1.71792
326.300	-0.557629	331.300	-1.61517
326.349	-0.536105	331.349	-1.50568
326.398	-0.517065	331.398	-1.39489
326.447	-0.500275	331.447	-1.28694
326.496	-0.485528	331.496	-1.18463
326.544	-0.472646	331.544	-1.08963
326.593	-0.461481	331.593	-1.00274
326.642	-0.451914	331.642	-0.924110
326.691	-0.443847	331.691	-0.853521
326.740	-0.437206	331.740	-0.790482
326.789	-0.431925	331.789	-0.734367
326.838	-0.427957	331.838	-0.684494
326.887	-0.425268	331.887	-0.640182
326.935	-0.423843	331.935	-0.600804
326.984	-0.423682	331.984	-0.565800
327.033	-0.424800	332.033	-0.534692
327.082	-0.427225	332.082	-0.507060
327.131	-0.430999	332.131	-0.482531
327.180	-0.436180	332.180	-0.460765
327.229	-0.442847	332.229	-0.441449
327.278	-0.451095	332.278	-0.424306
327.326	-0.461045	332.326	-0.409104
327.375	-0.472839	332.375	-0.395660
327.424	-0.486646	332.424	-0.383829
327.473	-0.502669	332.473	-0.373489
327.522	-0.521144	332.522	-0.364535
327.571	-0.542348	332.571	-0.356865
327.620	-0.566602	332.620	-0.350387
327.669	-0.594276	332.669	-0.345024
327.717	-0.625792	332.717	-0.340722
327.766	-0.661628	332.766	-0.337446
327.815	-0.702320	332.815	-0.335179
327.864	-0.748454	332.864	-0.333915
327.913	-0.800655	332.913	-0.333654
327.962	-0.859560	332.962	-0.334401
328.011	-0.925775	333.011	-0.336167
328.060	-0.999796	333.060	-0.338978
328.109	-1.08190	333.109	-0.342879
328.157	-1.17197	333.157	-0.347933
328.206	-1.26930	333.206	-0.354221
328.255	-1.37233	333.255	-0.361834
328.304	-1.47841	333.304	-0.370878
328.353	-1.58368	333.353	-0.381476
328.402	-1.68313	333.402	-0.393773
328.451	-1.77105	333.451	-0.407949
328.500	-1.84188	333.500	-0.424211
328.548	-1.89114	333.548	-0.442798
328.597	-1.91644	333.597	-0.463981
328.646	-1.91774	333.646	-0.488070
328.695	-1.89708	333.695	-0.515419
328.744	-1.85763	333.744	-0.546429
328.793	-1.80276	333.793	-0.581550
328.842	-1.73535	333.842	-0.621270
328.891	-1.65763	333.891	-0.666108
328.939	-1.57150	333.939	-0.716585
328.988	-1.47890	333.988	-0.773189
329.037	-1.38211	334.037	-0.836302
329.086	-1.28366	334.086	-0.906106
329.135	-1.18610	334.135	-0.982434
329.184	-1.09169	334.184	-1.06459
329.233	-1.00218	334.233	-1.15113
329.282	-0.918721	334.282	-1.23970
329.330	-0.841919	334.330	-1.32690
329.379	-0.771928	334.379	-1.40845
329.428	-0.708582	334.428	-1.47958
329.477	-0.651511	334.477	-1.53575
329.526	-0.600231	334.526	-1.57353
329.575	-0.554212	334.575	-1.59126
329.624	-0.512921	334.624	-1.58930
329.673	-0.475849	334.673	-1.56962
329.721	-0.442522	334.721	-1.53500
329.770	-0.412512	334.770	-1.48824
329.819	-0.385437	334.819	-1.43166
329.868	-0.360956	334.868	-1.36699
329.917	-0.338770	334.917	-1.29566
329.966	-0.318617	334.966	-1.21919
330.015	-0.300267	335.015	-1.13936
330.064	-0.283520	335.064	-1.05821
330.112	-0.268200	335.112	-0.977804
330.161	-0.254153	335.161	-0.899994
330.210	-0.241245	335.210	-0.826209
330.259	-0.229357	335.259	-0.757402
330.308	-0.218386	335.308	-0.694070
330.357	-0.208240	335.357	-0.636346
330.406	-0.198838	335.406	-0.584094
330.455	-0.190110	335.455	-0.537013
330.503	-0.181992	335.503	-0.494706
330.552	-0.174429	335.552	-0.456737
330.601	-0.167369	335.601	-0.422667
330.650	-0.160770	335.650	-0.392076
330.699	-0.154591	335.699	-0.364576
330.748	-0.148796	335.748	-0.339812
330.797	-0.143354	335.797	-0.317469
330.846	-0.138236	335.846	-0.297267
330.894	-0.133416	335.894	-0.278960
330.943	-0.128871	335.943	-0.262330
330.992	-0.124579	335.992	-0.247189
331.041	-0.120523	336.041	-0.233370
331.090	-0.116683	336.090	-0.220730
331.139	-0.113045	336.139	-0.209140
331.188	-0.109594	336.188	-0.198491
331.237	-0.106318	336.237	-0.188683
331.285	-0.103203	336.285	-0.179633
331.334	-0.100239	336.334	-0.171264
331.383	-0.0974172	336.383	-0.163510
331.432	-0.0947268	336.432	-0.156311
331.481	-0.0921599	336.481	-0.149617
331.530	-0.0897087	336.530	-0.143380
331.579	-0.0873661	336.579	-0.137560
331.628	-0.0851253	336.628	-0.132119
331.676	-0.0829804	336.676	-0.127025
331.725	-0.0809256	336.725	-0.122249
331.774	-0.0789558	336.774	-0.117764
331.823	-0.0770660	336.823	-0.113546
331.872	-0.0752517	336.872	-0.109575
331.921	-0.0735088	336.921	-0.105830
331.970	-0.0718334	336.970	-0.102295
332.019	-0.0702218	337.019	-0.0989539
332.067	-0.0686706	337.067	-0.0957919
332.116	-0.0671768	337.116	-0.0927963
332.165	-0.0657372	337.165	-0.0899551
332.214	-0.0643493	337.214	-0.0872576
332.263	-0.0630103	337.263	-0.0846939
332.312	-0.0617180	337.312	-0.0822550
332.361	-0.0604699	337.361	-0.0799326
332.410	-0.0592640	337.410	-0.0777190
332.458	-0.0580983	337.458	-0.0756074
332.507	-0.0569709	337.507	-0.0735912
332.556	-0.0558801	337.556	-0.0716646
332.605	-0.0548241	337.605	-0.0698221
332.654	-0.0538014	337.654	-0.0680586
332.703	-0.0528106	337.703	-0.0663694
332.752	-0.0518502	337.752	-0.0647503
332.801	-0.0509189	337.801	-0.0631972
332.849	-0.0500155	337.849	-0.0617065
332.898	-0.0491388	337.898	-0.0602746
332.947	-0.0482877	337.947	-0.0588983
332.996	-0.0474611	337.996	-0.0575746
333.045	-0.0466580	338.045	-0.0563008
333.094	-0.0458776	338.094	-0.0550741
333.143	-0.0451188	338.143	-0.0538923
333.192	-0.0443808	338.192	-0.0527530
333.240	-0.0436629	338.240	-0.0516540
333.289	-0.0429643	338.289	-0.0505935
333.338	-0.0422841	338.338	-0.0495694
333.387	-0.0416218	338.387	-0.0485801
333.436	-0.0409767	338.436	-0.0476239
333.485	-0.0403481	338.485	-0.0466992
333.534	-0.0397354	338.534	-0.0458047
333.583	-0.0391381	338.583	-0.0449388
333.631	-0.0385556	338.631	-0.0441004
333.680	-0.0379874	338.680	-0.0432882
333.729	-0.0374331	338.729	-0.0425010
333.778	-0.0368920	338.778	-0.0417378
333.827	-0.0363638	338.827	-0.0409976
333.876	-0.0358480	338.876	-0.0402793
333.925	-0.0353443	338.925	-0.0395820
333.974	-0.0348522	338.974	-0.0389050
334.022	-0.0343713	339.022	-0.0382473
334.071	-0.0339013	339.071	-0.0376081
334.120	-0.0334418	339.120	-0.0369869
334.169	-0.0329925	339.169	-0.0363827
334.218	-0.0325530	339.218	-0.0357950
334.267	-0.0321232	339.267	-0.0352232
334.316	-0.0317026	339.316	-0.0346665
334.365	-0.0312910	339.365	-0.0341246
334.413	-0.0308881	339.413	-0.0335967
334.462	-0.0304936	339.462	-0.0330824
334.511	-0.0301073	339.511	-0.0325812
334.560	-0.0297290	339.560	-0.0320927
334.609	-0.0293584	339.609	-0.0316163
334.658	-0.0289953	339.658	-0.0311516
334.707	-0.0286395	339.707	-0.0306983
334.756	-0.0282908	339.756	-0.0302559
334.804	-0.0279489	339.804	-0.0298241
334.853	-0.0276137	339.853	-0.0294025
334.902	-0.0272850	339.902	-0.0289907
334.951	-0.0269626	339.951	-0.0285885
335.000	-0.0266464	340.000	-0.0281955